# Phase 4 raw batch samples. batch-normalized ns/update = elapsed_ns / batch_operations (a batch average, NOT a directly
# measured single-update latency). batch_operations is the ACTUAL op count of the batch: batch_size for every row except
# the final row when updates % batch_size is nonzero (a partial batch, which is EXCLUDED from every distribution
# metric in the summary).
# impl=map wl=A levels=1000000 updates=10000000 batch_size=512 seed=407715774446 partial_rows=1
sample_index,batch_operations,elapsed_ns,normalized_ns_per_update
0,512,279250,545.410156
1,512,179750,351.074219
2,512,165917,324.056641
3,512,155541,303.791016
4,512,151709,296.306641
5,512,152500,297.851562
6,512,149625,292.236328
7,512,140334,274.089844
8,512,146375,285.888672
9,512,155209,303.142578
10,512,153709,300.212891
11,512,137209,267.986328
12,512,133917,261.556641
13,512,139208,271.890625
14,512,135833,265.298828
15,512,130583,255.044922
16,512,136459,266.521484
17,512,128583,251.138672
18,512,133583,260.904297
19,512,154000,300.781250
20,512,138750,270.996094
21,512,136500,266.601562
22,512,141083,275.552734
23,512,132209,258.220703
24,512,130625,255.126953
25,512,127458,248.941406
26,512,127083,248.208984
27,512,131083,256.021484
28,512,127500,249.023438
29,512,129167,252.279297
30,512,133542,260.824219
31,512,131958,257.730469
32,512,131791,257.404297
33,512,132292,258.382812
34,512,129875,253.662109
35,512,127750,249.511719
36,512,125416,244.953125
37,512,132750,259.277344
38,512,135792,265.218750
39,512,314834,614.910156
40,512,247708,483.804688
41,512,238167,465.169922
42,512,245125,478.759766
43,512,279250,545.410156
44,512,284334,555.339844
45,512,156750,306.152344
46,512,141292,275.960938
47,512,152542,297.933594
48,512,161875,316.162109
49,512,192375,375.732422
50,512,232625,454.345703
51,512,185417,362.142578
52,512,147667,288.412109
53,512,145417,284.017578
54,512,142958,279.214844
55,512,145625,284.423828
56,512,136917,267.416016
57,512,147041,287.189453
58,512,174584,340.984375
59,512,187708,366.617188
60,512,167458,327.066406
61,512,155125,302.978516
62,512,155667,304.037109
63,512,143791,280.841797
64,512,155625,303.955078
65,512,162333,317.056641
66,512,149417,291.830078
67,512,146875,286.865234
68,512,148916,290.851562
69,512,159084,310.710938
70,512,146750,286.621094
71,512,155541,303.791016
72,512,143375,280.029297
73,512,167667,327.474609
74,512,215666,421.222656
75,512,151958,296.792969
76,512,152500,297.851562
77,512,149042,291.097656
78,512,140417,274.251953
79,512,147291,287.677734
80,512,168292,328.695312
81,512,149708,292.398438
82,512,148917,290.853516
83,512,141917,277.181641
84,512,145166,283.527344
85,512,142417,278.158203
86,512,133666,261.066406
87,512,137000,267.578125
88,512,140750,274.902344
89,512,132334,258.464844
90,512,147917,288.900391
91,512,138750,270.996094
92,512,138416,270.343750
93,512,136083,265.787109
94,512,133250,260.253906
95,512,129875,253.662109
96,512,136333,266.275391
97,512,129709,253.337891
98,512,129625,253.173828
99,512,130709,255.291016
100,512,132375,258.544922
101,512,133292,260.335938
102,512,125083,244.302734
103,512,125833,245.767578
104,512,126208,246.500000
105,512,127584,249.187500
106,512,124250,242.675781
107,512,126417,246.908203
108,512,130666,255.207031
109,512,124667,243.490234
110,512,130833,255.533203
111,512,128750,251.464844
112,512,127583,249.185547
113,512,122542,239.339844
114,512,129666,253.253906
115,512,129083,252.115234
116,512,130750,255.371094
117,512,130166,254.230469
118,512,131584,257.000000
119,512,126458,246.988281
120,512,128083,250.162109
121,512,125709,245.525391
122,512,125208,244.546875
123,512,133458,260.660156
124,512,147792,288.656250
125,512,147541,288.166016
126,512,138792,271.078125
127,512,136875,267.333984
128,512,139084,271.648438
129,512,139708,272.867188
130,512,170958,333.902344
131,512,146792,286.703125
132,512,142750,278.808594
133,512,131583,256.998047
134,512,136500,266.601562
135,512,130542,254.964844
136,512,135083,263.833984
137,512,131417,256.673828
138,512,134125,261.962891
139,512,149209,291.423828
140,512,147458,288.003906
141,512,136708,267.007812
142,512,136833,267.251953
143,512,130792,255.453125
144,512,133417,260.580078
145,512,132875,259.521484
146,512,134500,262.695312
147,512,202250,395.019531
148,512,130875,255.615234
149,512,136000,265.625000
150,512,137250,268.066406
151,512,129750,253.417969
152,512,128250,250.488281
153,512,127791,249.591797
154,512,126333,246.744141
155,512,125625,245.361328
156,512,130250,254.394531
157,512,124541,243.244141
158,512,129167,252.279297
159,512,125750,245.605469
160,512,121958,238.199219
161,512,120667,235.677734
162,512,119000,232.421875
163,512,118959,232.341797
164,512,123541,241.291016
165,512,125667,245.443359
166,512,121083,236.490234
167,512,122084,238.445312
168,512,129375,252.685547
169,512,125875,245.849609
170,512,125042,244.222656
171,512,119667,233.724609
172,512,124541,243.244141
173,512,124959,244.060547
174,512,120500,235.351562
175,512,126791,247.638672
176,512,125584,245.281250
177,512,244625,477.783203
178,512,254834,497.722656
179,512,224583,438.638672
180,512,203417,397.298828
181,512,179875,351.318359
182,512,208959,408.123047
183,512,209041,408.283203
184,512,174750,341.308594
185,512,193959,378.826172
186,512,173958,339.761719
187,512,188833,368.814453
188,512,190875,372.802734
189,512,182125,355.712891
190,512,183709,358.806641
191,512,169583,331.216797
192,512,167917,327.962891
193,512,160666,313.800781
194,512,176083,343.912109
195,512,164959,322.185547
196,512,180583,352.701172
197,512,172250,336.425781
198,512,175916,343.585938
199,512,179625,350.830078
200,512,165000,322.265625
201,512,162709,317.791016
202,512,154541,301.837891
203,512,169292,330.648438
204,512,164583,321.451172
205,512,139792,273.031250
206,512,149542,292.074219
207,512,166167,324.544922
208,512,164666,321.613281
209,512,156959,306.560547
210,512,168750,329.589844
211,512,183375,358.154297
212,512,166125,324.462891
213,512,170083,332.193359
214,512,159750,312.011719
215,512,169500,331.054688
216,512,165458,323.160156
217,512,198709,388.103516
218,512,171417,334.798828
219,512,164666,321.613281
220,512,163792,319.906250
221,512,161541,315.509766
222,512,158708,309.976562
223,512,151250,295.410156
224,512,152708,298.257812
225,512,146958,287.027344
226,512,158791,310.138672
227,512,162709,317.791016
228,512,151125,295.166016
229,512,152917,298.666016
230,512,151917,296.712891
231,512,164250,320.800781
232,512,153083,298.990234
233,512,155833,304.361328
234,512,149209,291.423828
235,512,157333,307.291016
236,512,151792,296.468750
237,512,152041,296.955078
238,512,151459,295.818359
239,512,154333,301.431641
240,512,149208,291.421875
241,512,151000,294.921875
242,512,151250,295.410156
243,512,150250,293.457031
244,512,150125,293.212891
245,512,150000,292.968750
246,512,147125,287.353516
247,512,144958,283.121094
248,512,149417,291.830078
249,512,140000,273.437500
250,512,148959,290.935547
251,512,146541,286.212891
252,512,150833,294.595703
253,512,138125,269.775391
254,512,147375,287.841797
255,512,140500,274.414062
256,512,143583,280.435547
257,512,151000,294.921875
258,512,136709,267.009766
259,512,133958,261.636719
260,512,157417,307.455078
261,512,139625,272.705078
262,512,139125,271.728516
263,512,149250,291.503906
264,512,139000,271.484375
265,512,133916,261.554688
266,512,130958,255.777344
267,512,136750,267.089844
268,512,137625,268.798828
269,512,138083,269.693359
270,512,135417,264.486328
271,512,149417,291.830078
272,512,141292,275.960938
273,512,167041,326.251953
274,512,138834,271.160156
275,512,147375,287.841797
276,512,139917,273.275391
277,512,143208,279.703125
278,512,145584,284.343750
279,512,123958,242.105469
280,512,134500,262.695312
281,512,130500,254.882812
282,512,139542,272.542969
283,512,139458,272.378906
284,512,123125,240.478516
285,512,137500,268.554688
286,512,132167,258.138672
287,512,139583,272.623047
288,512,128208,250.406250
289,512,132792,259.359375
290,512,126042,246.175781
291,512,133458,260.660156
292,512,118750,231.933594
293,512,132000,257.812500
294,512,133958,261.636719
295,512,134208,262.125000
296,512,123666,241.535156
297,512,125500,245.117188
298,512,120375,235.107422
299,512,129542,253.011719
300,512,131458,256.753906
301,512,115500,225.585938
302,512,128000,250.000000
303,512,124083,242.349609
304,512,131208,256.265625
305,512,130042,253.988281
306,512,132250,258.300781
307,512,130250,254.394531
308,512,127750,249.511719
309,512,130041,253.986328
310,512,120125,234.619141
311,512,127292,248.617188
312,512,128125,250.244141
313,512,119166,232.746094
314,512,116000,226.562500
315,512,127583,249.185547
316,512,117167,228.841797
317,512,130042,253.988281
318,512,119291,232.990234
319,512,107459,209.880859
320,512,119542,233.480469
321,512,121667,237.630859
322,512,125875,245.849609
323,512,115584,225.750000
324,512,112584,219.890625
325,512,123833,241.861328
326,512,114041,222.736328
327,512,114209,223.064453
328,512,114166,222.980469
329,512,121417,237.142578
330,512,110542,215.902344
331,512,114500,223.632812
332,512,123292,240.804688
333,512,106541,208.087891
334,512,117750,229.980469
335,512,124958,244.058594
336,512,147292,287.679688
337,512,125083,244.302734
338,512,154500,301.757812
339,512,127375,248.779297
340,512,124750,243.652344
341,512,130667,255.208984
342,512,129375,252.685547
343,512,124875,243.896484
344,512,124375,242.919922
345,512,119250,232.910156
346,512,135625,264.892578
347,512,121166,236.652344
348,512,130625,255.126953
349,512,129959,253.826172
350,512,119917,234.212891
351,512,127500,249.023438
352,512,121875,238.037109
353,512,122125,238.525391
354,512,123125,240.478516
355,512,129833,253.580078
356,512,129500,252.929688
357,512,131250,256.347656
358,512,126375,246.826172
359,512,133125,260.009766
360,512,128500,250.976562
361,512,123666,241.535156
362,512,140500,274.414062
363,512,122792,239.828125
364,512,142125,277.587891
365,512,132541,258.869141
366,512,139625,272.705078
367,512,128166,250.324219
368,512,139042,271.566406
369,512,138208,269.937500
370,512,137083,267.740234
371,512,130000,253.906250
372,512,143500,280.273438
373,512,127167,248.373047
374,512,127541,249.103516
375,512,129500,252.929688
376,512,133458,260.660156
377,512,128292,250.570312
378,512,132667,259.115234
379,512,138458,270.425781
380,512,136708,267.007812
381,512,204625,399.658203
382,512,140375,274.169922
383,512,139542,272.542969
384,512,135208,264.078125
385,512,144375,281.982422
386,512,141083,275.552734
387,512,143917,281.087891
388,512,142625,278.564453
389,512,137833,269.205078
390,512,142292,277.914062
391,512,137958,269.449219
392,512,129250,252.441406
393,512,146875,286.865234
394,512,147875,288.818359
395,512,133416,260.578125
396,512,141709,276.775391
397,512,141541,276.447266
398,512,142125,277.587891
399,512,125333,244.791016
400,512,174042,339.925781
401,512,150708,294.351562
402,512,136000,265.625000
403,512,135083,263.833984
404,512,143875,281.005859
405,512,137167,267.904297
406,512,136166,265.949219
407,512,137833,269.205078
408,512,139708,272.867188
409,512,135542,264.730469
410,512,133458,260.660156
411,512,126083,246.255859
412,512,129417,252.767578
413,512,129792,253.500000
414,512,123167,240.560547
415,512,127833,249.673828
416,512,130083,254.068359
417,512,139125,271.728516
418,512,128625,251.220703
419,512,128167,250.326172
420,512,136583,266.763672
421,512,121000,236.328125
422,512,133958,261.636719
423,512,122958,240.152344
424,512,127000,248.046875
425,512,123584,241.375000
426,512,121875,238.037109
427,512,134416,262.531250
428,512,123417,241.048828
429,512,129292,252.523438
430,512,126458,246.988281
431,512,122708,239.664062
432,512,133458,260.660156
433,512,132334,258.464844
434,512,130667,255.208984
435,512,124417,243.001953
436,512,130750,255.371094
437,512,126041,246.173828
438,512,138042,269.613281
439,512,142166,277.667969
440,512,131292,256.429688
441,512,130291,254.474609
442,512,122709,239.666016
443,512,125375,244.873047
444,512,120709,235.759766
445,512,118333,231.119141
446,512,121750,237.792969
447,512,129000,251.953125
448,512,125334,244.792969
449,512,119250,232.910156
450,512,122750,239.746094
451,512,118041,230.548828
452,512,116084,226.726562
453,512,117709,229.900391
454,512,128833,251.626953
455,512,128417,250.814453
456,512,120833,236.001953
457,512,125042,244.222656
458,512,129375,252.685547
459,512,128500,250.976562
460,512,119333,233.072266
461,512,123833,241.861328
462,512,129292,252.523438
463,512,123125,240.478516
464,512,152208,297.281250
465,512,146875,286.865234
466,512,125041,244.220703
467,512,118708,231.851562
468,512,129417,252.767578
469,512,127500,249.023438
470,512,124250,242.675781
471,512,130250,254.394531
472,512,121750,237.792969
473,512,121667,237.630859
474,512,124625,243.408203
475,512,123875,241.943359
476,512,121583,237.466797
477,512,119167,232.748047
478,512,129625,253.173828
479,512,128417,250.814453
480,512,120375,235.107422
481,512,119583,233.560547
482,512,136833,267.251953
483,512,130250,254.394531
484,512,128375,250.732422
485,512,133542,260.824219
486,512,126541,247.150391
487,512,124875,243.896484
488,512,130084,254.070312
489,512,127166,248.371094
490,512,127250,248.535156
491,512,132667,259.115234
492,512,132125,258.056641
493,512,127334,248.699219
494,512,122292,238.851562
495,512,123375,240.966797
496,512,129416,252.765625
497,512,126000,246.093750
498,512,133959,261.638672
499,512,181458,354.410156
500,512,143458,280.191406
501,512,132667,259.115234
502,512,134458,262.613281
503,512,136000,265.625000
504,512,146792,286.703125
505,512,135875,265.380859
506,512,132916,259.601562
507,512,133500,260.742188
508,512,135750,265.136719
509,512,127958,249.917969
510,512,122458,239.175781
511,512,124625,243.408203
512,512,129625,253.173828
513,512,121500,237.304688
514,512,124833,243.814453
515,512,121417,237.142578
516,512,132416,258.625000
517,512,121000,236.328125
518,512,122500,239.257812
519,512,117584,229.656250
520,512,135708,265.054688
521,512,119625,233.642578
522,512,120417,235.189453
523,512,122084,238.445312
524,512,121583,237.466797
525,512,116958,228.433594
526,512,115250,225.097656
527,512,124959,244.060547
528,512,117458,229.410156
529,512,136042,265.707031
530,512,120000,234.375000
531,512,124250,242.675781
532,512,114084,222.820312
533,512,110750,216.308594
534,512,114125,222.900391
535,512,120083,234.537109
536,512,109292,213.460938
537,512,113916,222.492188
538,512,121042,236.410156
539,512,110125,215.087891
540,512,110292,215.414062
541,512,112708,220.132812
542,512,111583,217.935547
543,512,130333,254.556641
544,512,114417,223.470703
545,512,124167,242.513672
546,512,121459,237.224609
547,512,109583,214.029297
548,512,107250,209.472656
549,512,106792,208.578125
550,512,111292,217.367188
551,512,107125,209.228516
552,512,109166,213.214844
553,512,105792,206.625000
554,512,105708,206.460938
555,512,107417,209.798828
556,512,106125,207.275391
557,512,102917,201.009766
558,512,105625,206.298828
559,512,107208,209.390625
560,512,105292,205.648438
561,512,111458,217.691406
562,512,103167,201.498047
563,512,102375,199.951172
564,512,107667,210.287109
565,512,100125,195.556641
566,512,107958,210.855469
567,512,109083,213.052734
568,512,101667,198.568359
569,512,100083,195.474609
570,512,109041,212.970703
571,512,105667,206.380859
572,512,102000,199.218750
573,512,103875,202.880859
574,512,100459,196.208984
575,512,105666,206.378906
576,512,106208,207.437500
577,512,102500,200.195312
578,512,103417,201.986328
579,512,103792,202.718750
580,512,116500,227.539062
581,512,106625,208.251953
582,512,105333,205.728516
583,512,98916,193.195312
584,512,104792,204.671875
585,512,103125,201.416016
586,512,105708,206.460938
587,512,103375,201.904297
588,512,101459,198.162109
589,512,99584,194.500000
590,512,99333,194.009766
591,512,99500,194.335938
592,512,101750,198.730469
593,512,102292,199.789062
594,512,105833,206.705078
595,512,102292,199.789062
596,512,100583,196.451172
597,512,107792,210.531250
598,512,105291,205.646484
599,512,100459,196.208984
600,512,102792,200.765625
601,512,97750,190.917969
602,512,99708,194.742188
603,512,100375,196.044922
604,512,104875,204.833984
605,512,101542,198.324219
606,512,99250,193.847656
607,512,135250,264.160156
608,512,122667,239.583984
609,512,108375,211.669922
610,512,100875,197.021484
611,512,98917,193.197266
612,512,101375,197.998047
613,512,101917,199.056641
614,512,103958,203.042969
615,512,98708,192.789062
616,512,100833,196.939453
617,512,102959,201.091797
618,512,104708,204.507812
619,512,100708,196.695312
620,512,109750,214.355469
621,512,105375,205.810547
622,512,99208,193.765625
623,512,98417,192.220703
624,512,101375,197.998047
625,512,104875,204.833984
626,512,102209,199.626953
627,512,101500,198.242188
628,512,97834,191.082031
629,512,103417,201.986328
630,512,101750,198.730469
631,512,99250,193.847656
632,512,102417,200.033203
633,512,127667,249.349609
634,512,97291,190.021484
635,512,102125,199.462891
636,512,110583,215.982422
637,512,99959,195.232422
638,512,109000,212.890625
639,512,101208,197.671875
640,512,105083,205.240234
641,512,103334,201.824219
642,512,102334,199.871094
643,512,119458,233.316406
644,512,105041,205.158203
645,512,106042,207.113281
646,512,108541,211.994141
647,512,110250,215.332031
648,512,125375,244.873047
649,512,121000,236.328125
650,512,113334,221.355469
651,512,110041,214.923828
652,512,125792,245.687500
653,512,188875,368.896484
654,512,130458,254.800781
655,512,142542,278.402344
656,512,135459,264.568359
657,512,145291,283.771484
658,512,141167,275.716797
659,512,132167,258.138672
660,512,131750,257.324219
661,512,122959,240.154297
662,512,128375,250.732422
663,512,128959,251.873047
664,512,116000,226.562500
665,512,117167,228.841797
666,512,114375,223.388672
667,512,117500,229.492188
668,512,119333,233.072266
669,512,114125,222.900391
670,512,124166,242.511719
671,512,111167,217.123047
672,512,119834,234.050781
673,512,115500,225.585938
674,512,113500,221.679688
675,512,107000,208.984375
676,512,110917,216.634766
677,512,110417,215.658203
678,512,110375,215.576172
679,512,110291,215.412109
680,512,110959,216.716797
681,512,122750,239.746094
682,512,125750,245.605469
683,512,113875,222.412109
684,512,109291,213.458984
685,512,104458,204.019531
686,512,107542,210.042969
687,512,120958,236.246094
688,512,108083,211.099609
689,512,110167,215.169922
690,512,110291,215.412109
691,512,105292,205.648438
692,512,106000,207.031250
693,512,102500,200.195312
694,512,105041,205.158203
695,512,106584,208.171875
696,512,104375,203.857422
697,512,102916,201.007812
698,512,107959,210.857422
699,512,108958,212.808594
700,512,106083,207.193359
701,512,111792,218.343750
702,512,103625,202.392578
703,512,101875,198.974609
704,512,103500,202.148438
705,512,104208,203.531250
706,512,105584,206.218750
707,512,102958,201.089844
708,512,100958,197.183594
709,512,104334,203.777344
710,512,101708,198.648438
711,512,110166,215.167969
712,512,106583,208.169922
713,512,103084,201.335938
714,512,102916,201.007812
715,512,101125,197.509766
716,512,101709,198.650391
717,512,98208,191.812500
718,512,102875,200.927734
719,512,99667,194.662109
720,512,99625,194.580078
721,512,99750,194.824219
722,512,103166,201.496094
723,512,100042,195.394531
724,512,104167,203.451172
725,512,100166,195.636719
726,512,103167,201.498047
727,512,98292,191.976562
728,512,99167,193.685547
729,512,98417,192.220703
730,512,98958,193.277344
731,512,101333,197.916016
732,512,99250,193.847656
733,512,97083,189.615234
734,512,106958,208.902344
735,512,99709,194.744141
736,512,98084,191.570312
737,512,102834,200.847656
738,512,97958,191.324219
739,512,99541,194.416016
740,512,97750,190.917969
741,512,96875,189.208984
742,512,99000,193.359375
743,512,96416,188.312500
744,512,101084,197.429688
745,512,105916,206.867188
746,512,97625,190.673828
747,512,96625,188.720703
748,512,97750,190.917969
749,512,102291,199.787109
750,512,95500,186.523438
751,512,95834,187.175781
752,512,108583,212.076172
753,512,100666,196.613281
754,512,96333,188.150391
755,512,101208,197.671875
756,512,101333,197.916016
757,512,101459,198.162109
758,512,97667,190.755859
759,512,101875,198.974609
760,512,97333,190.103516
761,512,108083,211.099609
762,512,125333,244.791016
763,512,98333,192.056641
764,512,117875,230.224609
765,512,97958,191.324219
766,512,98250,191.894531
767,512,94459,184.490234
768,512,98000,191.406250
769,512,95834,187.175781
770,512,99041,193.439453
771,512,97167,189.779297
772,512,94375,184.326172
773,512,96458,188.394531
774,512,97250,189.941406
775,512,98583,192.544922
776,512,97667,190.755859
777,512,101916,199.054688
778,512,97625,190.673828
779,512,98500,192.382812
780,512,95375,186.279297
781,512,102042,199.300781
782,512,99334,194.011719
783,512,97083,189.615234
784,512,101208,197.671875
785,512,99417,194.173828
786,512,94000,183.593750
787,512,97834,191.082031
788,512,103125,201.416016
789,512,96541,188.556641
790,512,99458,194.253906
791,512,99834,194.988281
792,512,96541,188.556641
793,512,97292,190.023438
794,512,107542,210.042969
795,512,106834,208.660156
796,512,103584,202.312500
797,512,96833,189.126953
798,512,95000,185.546875
799,512,101000,197.265625
800,512,98000,191.406250
801,512,93625,182.861328
802,512,96333,188.150391
803,512,98750,192.871094
804,512,100583,196.451172
805,512,96709,188.884766
806,512,96708,188.882812
807,512,97875,191.162109
808,512,97917,191.244141
809,512,100334,195.964844
810,512,91875,179.443359
811,512,96459,188.396484
812,512,95916,187.335938
813,512,92500,180.664062
814,512,91167,178.060547
815,512,94958,185.464844
816,512,95667,186.849609
817,512,97375,190.185547
818,512,96209,187.908203
819,512,94166,183.917969
820,512,93375,182.373047
821,512,97292,190.023438
822,512,108750,212.402344
823,512,118167,230.794922
824,512,95500,186.523438
825,512,97083,189.615234
826,512,95625,186.767578
827,512,100083,195.474609
828,512,94417,184.408203
829,512,96958,189.371094
830,512,95417,186.361328
831,512,92916,181.476562
832,512,95792,187.093750
833,512,96875,189.208984
834,512,94750,185.058594
835,512,93250,182.128906
836,512,96041,187.580078
837,512,100417,196.126953
838,512,92750,181.152344
839,512,98208,191.812500
840,512,97083,189.615234
841,512,91917,179.525391
842,512,92250,180.175781
843,512,95166,185.871094
844,512,104667,204.427734
845,512,95125,185.791016
846,512,119000,232.421875
847,512,118375,231.201172
848,512,95917,187.337891
849,512,96417,188.314453
850,512,95916,187.335938
851,512,99417,194.173828
852,512,95334,186.199219
853,512,95292,186.117188
854,512,96917,189.291016
855,512,95166,185.871094
856,512,93542,182.699219
857,512,95208,185.953125
858,512,103292,201.742188
859,512,92208,180.093750
860,512,92792,181.234375
861,512,96000,187.500000
862,512,102500,200.195312
863,512,98125,191.650391
864,512,101084,197.429688
865,512,100125,195.556641
866,512,103833,202.798828
867,512,104084,203.289062
868,512,110166,215.167969
869,512,111000,216.796875
870,512,99208,193.765625
871,512,99917,195.150391
872,512,98417,192.220703
873,512,99708,194.742188
874,512,100750,196.777344
875,512,96209,187.908203
876,512,97875,191.162109
877,512,100084,195.476562
878,512,96416,188.312500
879,512,104167,203.451172
880,512,97292,190.023438
881,512,98834,193.035156
882,512,101583,198.404297
883,512,98083,191.568359
884,512,95875,187.255859
885,512,95000,185.546875
886,512,99875,195.068359
887,512,94917,185.384766
888,512,99125,193.603516
889,512,97958,191.324219
890,512,96083,187.662109
891,512,97292,190.023438
892,512,97208,189.859375
893,512,96292,188.070312
894,512,97166,189.777344
895,512,95208,185.953125
896,512,97958,191.324219
897,512,97167,189.779297
898,512,94500,184.570312
899,512,93792,183.187500
900,512,96542,188.558594
901,512,98083,191.568359
902,512,93500,182.617188
903,512,99083,193.521484
904,512,97292,190.023438
905,512,92000,179.687500
906,512,97250,189.941406
907,512,97542,190.511719
908,512,96458,188.394531
909,512,94250,184.082031
910,512,97250,189.941406
911,512,94417,184.408203
912,512,94708,184.976562
913,512,93917,183.431641
914,512,98083,191.568359
915,512,95208,185.953125
916,512,93084,181.804688
917,512,96291,188.068359
918,512,97625,190.673828
919,512,91584,178.875000
920,512,95375,186.279297
921,512,95375,186.279297
922,512,96916,189.289062
923,512,95667,186.849609
924,512,101209,197.673828
925,512,92166,180.011719
926,512,94209,184.001953
927,512,92666,180.988281
928,512,92125,179.931641
929,512,91750,179.199219
930,512,91375,178.466797
931,512,96416,188.312500
932,512,121417,237.142578
933,512,103833,202.798828
934,512,92917,181.478516
935,512,97333,190.103516
936,512,95000,185.546875
937,512,92125,179.931641
938,512,95125,185.791016
939,512,93083,181.802734
940,512,92750,181.152344
941,512,91375,178.466797
942,512,93625,182.861328
943,512,97125,189.697266
944,512,93167,181.966797
945,512,96625,188.720703
946,512,96042,187.582031
947,512,91958,179.605469
948,512,94167,183.919922
949,512,104875,204.833984
950,512,113041,220.783203
951,512,96250,187.988281
952,512,97500,190.429688
953,512,94625,184.814453
954,512,97208,189.859375
955,512,100458,196.207031
956,512,94625,184.814453
957,512,97500,190.429688
958,512,120750,235.839844
959,512,107167,209.310547
960,512,95042,185.628906
961,512,93000,181.640625
962,512,114583,223.794922
963,512,100750,196.777344
964,512,103042,201.253906
965,512,98417,192.220703
966,512,98417,192.220703
967,512,101625,198.486328
968,512,103125,201.416016
969,512,100542,196.371094
970,512,105458,205.972656
971,512,126500,247.070312
972,512,115417,225.423828
973,512,115041,224.689453
974,512,114917,224.447266
975,512,113375,221.435547
976,512,116667,227.865234
977,512,132166,258.136719
978,512,142125,277.587891
979,512,134500,262.695312
980,512,145708,284.585938
981,512,166250,324.707031
982,512,124625,243.408203
983,512,133542,260.824219
984,512,133750,261.230469
985,512,115834,226.238281
986,512,126041,246.173828
987,512,125917,245.931641
988,512,127708,249.429688
989,512,114708,224.039062
990,512,115334,225.261719
991,512,109708,214.273438
992,512,115458,225.503906
993,512,116625,227.783203
994,512,115625,225.830078
995,512,116834,228.191406
996,512,121708,237.710938
997,512,118125,230.712891
998,512,114750,224.121094
999,512,116458,227.457031
1000,512,115084,224.773438
1001,512,109750,214.355469
1002,512,114250,223.144531
1003,512,127292,248.617188
1004,512,120625,235.595703
1005,512,111417,217.611328
1006,512,108709,212.322266
1007,512,128083,250.162109
1008,512,126625,247.314453
1009,512,108375,211.669922
1010,512,108916,212.726562
1011,512,107292,209.554688
1012,512,110875,216.552734
1013,512,109834,214.519531
1014,512,104417,203.939453
1015,512,106833,208.658203
1016,512,105875,206.787109
1017,512,106417,207.845703
1018,512,110792,216.390625
1019,512,103208,201.578125
1020,512,111166,217.121094
1021,512,108375,211.669922
1022,512,102792,200.765625
1023,512,103333,201.822266
1024,512,103958,203.042969
1025,512,104041,203.205078
1026,512,104750,204.589844
1027,512,106667,208.333984
1028,512,102875,200.927734
1029,512,114250,223.144531
1030,512,106708,208.414062
1031,512,101167,197.591797
1032,512,102791,200.763672
1033,512,121625,237.548828
1034,512,101833,198.892578
1035,512,105750,206.542969
1036,512,103084,201.335938
1037,512,115833,226.236328
1038,512,107625,210.205078
1039,512,102333,199.869141
1040,512,101708,198.648438
1041,512,99708,194.742188
1042,512,105625,206.298828
1043,512,106125,207.275391
1044,512,102292,199.789062
1045,512,101541,198.322266
1046,512,98000,191.406250
1047,512,97833,191.080078
1048,512,98958,193.277344
1049,512,99209,193.767578
1050,512,100708,196.695312
1051,512,101708,198.648438
1052,512,99125,193.603516
1053,512,102084,199.382812
1054,512,100625,196.533203
1055,512,97833,191.080078
1056,512,98625,192.626953
1057,512,99666,194.660156
1058,512,95459,186.443359
1059,512,101708,198.648438
1060,512,99625,194.580078
1061,512,96208,187.906250
1062,512,101125,197.509766
1063,512,97917,191.244141
1064,512,98166,191.730469
1065,512,102042,199.300781
1066,512,102083,199.380859
1067,512,95208,185.953125
1068,512,97125,189.697266
1069,512,98583,192.544922
1070,512,101417,198.080078
1071,512,115833,226.236328
1072,512,117000,228.515625
1073,512,98833,193.033203
1074,512,96750,188.964844
1075,512,98333,192.056641
1076,512,96833,189.126953
1077,512,97458,190.347656
1078,512,104709,204.509766
1079,512,99500,194.335938
1080,512,95875,187.255859
1081,512,97000,189.453125
1082,512,96583,188.638672
1083,512,94750,185.058594
1084,512,95959,187.419922
1085,512,97208,189.859375
1086,512,96916,189.289062
1087,512,99000,193.359375
1088,512,118167,230.794922
1089,512,106958,208.902344
1090,512,95416,186.359375
1091,512,94542,184.652344
1092,512,95000,185.546875
1093,512,95125,185.791016
1094,512,95167,185.873047
1095,512,90875,177.490234
1096,512,98167,191.732422
1097,512,96375,188.232422
1098,512,96958,189.371094
1099,512,96208,187.906250
1100,512,96917,189.291016
1101,512,93375,182.373047
1102,512,95875,187.255859
1103,512,95625,186.767578
1104,512,93666,182.941406
1105,512,93417,182.455078
1106,512,95542,186.605469
1107,512,98333,192.056641
1108,512,96417,188.314453
1109,512,95875,187.255859
1110,512,94709,184.978516
1111,512,95917,187.337891
1112,512,96208,187.906250
1113,512,98250,191.894531
1114,512,91250,178.222656
1115,512,93708,183.023438
1116,512,98000,191.406250
1117,512,96250,187.988281
1118,512,94166,183.917969
1119,512,96250,187.988281
1120,512,95709,186.931641
1121,512,97333,190.103516
1122,512,94917,185.384766
1123,512,118916,232.257812
1124,512,97792,191.000000
1125,512,99792,194.906250
1126,512,97291,190.021484
1127,512,97125,189.697266
1128,512,97542,190.511719
1129,512,95625,186.767578
1130,512,94250,184.082031
1131,512,97000,189.453125
1132,512,100500,196.289062
1133,512,98500,192.382812
1134,512,96333,188.150391
1135,512,98250,191.894531
1136,512,95333,186.197266
1137,512,95709,186.931641
1138,512,92959,181.560547
1139,512,95625,186.767578
1140,512,93750,183.105469
1141,512,96666,188.800781
1142,512,94334,184.246094
1143,512,93000,181.640625
1144,512,95791,187.091797
1145,512,94375,184.326172
1146,512,94542,184.652344
1147,512,98208,191.812500
1148,512,95458,186.441406
1149,512,95292,186.117188
1150,512,94541,184.650391
1151,512,96167,187.826172
1152,512,95291,186.115234
1153,512,99667,194.662109
1154,512,95958,187.417969
1155,512,93209,182.048828
1156,512,92583,180.826172
1157,512,94333,184.244141
1158,512,98292,191.976562
1159,512,94042,183.675781
1160,512,92666,180.988281
1161,512,91375,178.466797
1162,512,93709,183.025391
1163,512,95167,185.873047
1164,512,93833,183.267578
1165,512,96167,187.826172
1166,512,93084,181.804688
1167,512,92209,180.095703
1168,512,93209,182.048828
1169,512,94709,184.978516
1170,512,93833,183.267578
1171,512,92708,181.070312
1172,512,91333,178.384766
1173,512,96584,188.640625
1174,512,97375,190.185547
1175,512,123792,241.781250
1176,512,96416,188.312500
1177,512,94375,184.326172
1178,512,94292,184.164062
1179,512,97875,191.162109
1180,512,92333,180.337891
1181,512,93875,183.349609
1182,512,94917,185.384766
1183,512,95458,186.441406
1184,512,97292,190.023438
1185,512,96500,188.476562
1186,512,96375,188.232422
1187,512,109750,214.355469
1188,512,94125,183.837891
1189,512,91625,178.955078
1190,512,92375,180.419922
1191,512,94333,184.244141
1192,512,95000,185.546875
1193,512,95666,186.847656
1194,512,90917,177.572266
1195,512,93750,183.105469
1196,512,92833,181.314453
1197,512,91833,179.361328
1198,512,94708,184.976562
1199,512,91625,178.955078
1200,512,91958,179.605469
1201,512,90708,177.164062
1202,512,95125,185.791016
1203,512,92792,181.234375
1204,512,91541,178.791016
1205,512,98667,192.708984
1206,512,92917,181.478516
1207,512,97916,191.242188
1208,512,102583,200.357422
1209,512,96209,187.908203
1210,512,92833,181.314453
1211,512,90458,176.675781
1212,512,97417,190.267578
1213,512,93625,182.861328
1214,512,90917,177.572266
1215,512,97917,191.244141
1216,512,89750,175.292969
1217,512,93375,182.373047
1218,512,91208,178.140625
1219,512,92042,179.769531
1220,512,92333,180.337891
1221,512,94292,184.164062
1222,512,91750,179.199219
1223,512,89583,174.966797
1224,512,89833,175.455078
1225,512,93459,182.537109
1226,512,89208,174.234375
1227,512,88083,172.037109
1228,512,88917,173.666016
1229,512,89916,175.617188
1230,512,92583,180.826172
1231,512,95083,185.708984
1232,512,93875,183.349609
1233,512,91709,179.119141
1234,512,92834,181.316406
1235,512,91500,178.710938
1236,512,89500,174.804688
1237,512,89542,174.886719
1238,512,90458,176.675781
1239,512,89209,174.236328
1240,512,91125,177.978516
1241,512,91292,178.304688
1242,512,92833,181.314453
1243,512,88625,173.095703
1244,512,87208,170.328125
1245,512,89542,174.886719
1246,512,91917,179.525391
1247,512,91125,177.978516
1248,512,92709,181.072266
1249,512,89875,175.537109
1250,512,90625,177.001953
1251,512,91833,179.361328
1252,512,90375,176.513672
1253,512,92000,179.687500
1254,512,93125,181.884766
1255,512,99167,193.685547
1256,512,92666,180.988281
1257,512,92584,180.828125
1258,512,91083,177.896484
1259,512,88750,173.339844
1260,512,91500,178.710938
1261,512,90208,176.187500
1262,512,87458,170.816406
1263,512,91708,179.117188
1264,512,122500,239.257812
1265,512,99792,194.906250
1266,512,92167,180.013672
1267,512,90667,177.083984
1268,512,90625,177.001953
1269,512,90458,176.675781
1270,512,92625,180.908203
1271,512,90791,177.326172
1272,512,90959,177.654297
1273,512,92250,180.175781
1274,512,90125,176.025391
1275,512,93083,181.802734
1276,512,90584,176.921875
1277,512,103125,201.416016
1278,512,114833,224.283203
1279,512,104250,203.613281
1280,512,95042,185.628906
1281,512,121833,237.955078
1282,512,115750,226.074219
1283,512,99084,193.523438
1284,512,113291,221.271484
1285,512,137542,268.636719
1286,512,114375,223.388672
1287,512,101958,199.136719
1288,512,98334,192.058594
1289,512,99541,194.416016
1290,512,119959,234.294922
1291,512,100416,196.125000
1292,512,104125,203.369141
1293,512,103708,202.554688
1294,512,104584,204.265625
1295,512,119791,233.966797
1296,512,108125,211.181641
1297,512,102250,199.707031
1298,512,102750,200.683594
1299,512,107167,209.310547
1300,512,115750,226.074219
1301,512,116583,227.701172
1302,512,111625,218.017578
1303,512,107833,210.611328
1304,512,105042,205.160156
1305,512,108375,211.669922
1306,512,111333,217.447266
1307,512,109583,214.029297
1308,512,115167,224.935547
1309,512,106041,207.111328
1310,512,114125,222.900391
1311,512,115542,225.667969
1312,512,106666,208.332031
1313,512,139250,271.972656
1314,512,102250,199.707031
1315,512,123459,241.130859
1316,512,122584,239.421875
1317,512,114000,222.656250
1318,512,103875,202.880859
1319,512,116084,226.726562
1320,512,126459,246.990234
1321,512,97750,190.917969
1322,512,98166,191.730469
1323,512,96417,188.314453
1324,512,96000,187.500000
1325,512,99791,194.904297
1326,512,94584,184.734375
1327,512,96416,188.312500
1328,512,104292,203.695312
1329,512,94833,185.220703
1330,512,96750,188.964844
1331,512,99875,195.068359
1332,512,99667,194.662109
1333,512,105083,205.240234
1334,512,101417,198.080078
1335,512,96834,189.128906
1336,512,99541,194.416016
1337,512,98375,192.138672
1338,512,98291,191.974609
1339,512,95084,185.710938
1340,512,99666,194.660156
1341,512,100708,196.695312
1342,512,97708,190.835938
1343,512,104042,203.207031
1344,512,122584,239.421875
1345,512,98125,191.650391
1346,512,94000,183.593750
1347,512,96709,188.884766
1348,512,93000,181.640625
1349,512,95750,187.011719
1350,512,111125,217.041016
1351,512,97417,190.267578
1352,512,96000,187.500000
1353,512,96833,189.126953
1354,512,91417,178.548828
1355,512,94250,184.082031
1356,512,95959,187.419922
1357,512,94458,184.488281
1358,512,96167,187.826172
1359,512,97125,189.697266
1360,512,93292,182.210938
1361,512,92750,181.152344
1362,512,94584,184.734375
1363,512,101333,197.916016
1364,512,93542,182.699219
1365,512,98583,192.544922
1366,512,95250,186.035156
1367,512,95416,186.359375
1368,512,91084,177.898438
1369,512,94208,184.000000
1370,512,92833,181.314453
1371,512,93292,182.210938
1372,512,94000,183.593750
1373,512,96208,187.906250
1374,512,91292,178.304688
1375,512,92625,180.908203
1376,512,93834,183.269531
1377,512,99416,194.171875
1378,512,98125,191.650391
1379,512,93209,182.048828
1380,512,105000,205.078125
1381,512,92459,180.583984
1382,512,91666,179.035156
1383,512,92334,180.339844
1384,512,92500,180.664062
1385,512,98208,191.812500
1386,512,94666,184.894531
1387,512,90708,177.164062
1388,512,91042,177.816406
1389,512,92542,180.746094
1390,512,93166,181.964844
1391,512,90917,177.572266
1392,512,97375,190.185547
1393,512,99292,193.929688
1394,512,90250,176.269531
1395,512,91416,178.546875
1396,512,97542,190.511719
1397,512,96167,187.826172
1398,512,91125,177.978516
1399,512,93208,182.046875
1400,512,96917,189.291016
1401,512,90875,177.490234
1402,512,97042,189.535156
1403,512,90958,177.652344
1404,512,113583,221.841797
1405,512,119250,232.910156
1406,512,91000,177.734375
1407,512,93875,183.349609
1408,512,114583,223.794922
1409,512,107333,209.634766
1410,512,107583,210.123047
1411,512,108416,211.750000
1412,512,100833,196.939453
1413,512,102875,200.927734
1414,512,95834,187.175781
1415,512,94041,183.673828
1416,512,94292,184.164062
1417,512,94666,184.894531
1418,512,109333,213.541016
1419,512,94667,184.896484
1420,512,108042,211.019531
1421,512,94792,185.140625
1422,512,98125,191.650391
1423,512,95125,185.791016
1424,512,95958,187.417969
1425,512,100625,196.533203
1426,512,95000,185.546875
1427,512,95333,186.197266
1428,512,95083,185.708984
1429,512,121208,236.734375
1430,512,119792,233.968750
1431,512,109167,213.216797
1432,512,103000,201.171875
1433,512,112500,219.726562
1434,512,117834,230.144531
1435,512,95333,186.197266
1436,512,94917,185.384766
1437,512,93708,183.023438
1438,512,102500,200.195312
1439,512,97125,189.697266
1440,512,94333,184.244141
1441,512,95000,185.546875
1442,512,93625,182.861328
1443,512,94000,183.593750
1444,512,94666,184.894531
1445,512,96459,188.396484
1446,512,97750,190.917969
1447,512,94292,184.164062
1448,512,95375,186.279297
1449,512,93125,181.884766
1450,512,92750,181.152344
1451,512,92166,180.011719
1452,512,96667,188.802734
1453,512,92417,180.501953
1454,512,95125,185.791016
1455,512,91708,179.117188
1456,512,91333,178.384766
1457,512,93708,183.023438
1458,512,90583,176.919922
1459,512,92292,180.257812
1460,512,94000,183.593750
1461,512,92042,179.769531
1462,512,95541,186.603516
1463,512,96125,187.744141
1464,512,113333,221.353516
1465,512,95958,187.417969
1466,512,93875,183.349609
1467,512,94042,183.675781
1468,512,92125,179.931641
1469,512,90833,177.408203
1470,512,91667,179.037109
1471,512,90500,176.757812
1472,512,90417,176.595703
1473,512,93208,182.046875
1474,512,92583,180.826172
1475,512,91042,177.816406
1476,512,91125,177.978516
1477,512,91417,178.548828
1478,512,94875,185.302734
1479,512,93500,182.617188
1480,512,95000,185.546875
1481,512,92750,181.152344
1482,512,92458,180.582031
1483,512,93375,182.373047
1484,512,90417,176.595703
1485,512,93916,183.429688
1486,512,91167,178.060547
1487,512,92083,179.849609
1488,512,89042,173.910156
1489,512,89166,174.152344
1490,512,91084,177.898438
1491,512,93375,182.373047
1492,512,90041,175.861328
1493,512,92625,180.908203
1494,512,91750,179.199219
1495,512,93875,183.349609
1496,512,89166,174.152344
1497,512,94125,183.837891
1498,512,90250,176.269531
1499,512,90709,177.166016
1500,512,90083,175.943359
1501,512,90583,176.919922
1502,512,88000,171.875000
1503,512,87917,171.712891
1504,512,91625,178.955078
1505,512,88916,173.664062
1506,512,92834,181.316406
1507,512,93291,182.208984
1508,512,94709,184.978516
1509,512,92375,180.419922
1510,512,88959,173.748047
1511,512,90625,177.001953
1512,512,87375,170.654297
1513,512,90958,177.652344
1514,512,92583,180.826172
1515,512,87500,170.898438
1516,512,91417,178.548828
1517,512,96125,187.744141
1518,512,123458,241.128906
1519,512,111250,217.285156
1520,512,124542,243.246094
1521,512,99083,193.521484
1522,512,87667,171.224609
1523,512,90250,176.269531
1524,512,91541,178.791016
1525,512,96125,187.744141
1526,512,90000,175.781250
1527,512,90917,177.572266
1528,512,91292,178.304688
1529,512,91250,178.222656
1530,512,90750,177.246094
1531,512,89625,175.048828
1532,512,87250,170.410156
1533,512,88959,173.748047
1534,512,92250,180.175781
1535,512,94833,185.220703
1536,512,92084,179.851562
1537,512,88709,173.259766
1538,512,91541,178.791016
1539,512,89000,173.828125
1540,512,88833,173.501953
1541,512,93625,182.861328
1542,512,89875,175.537109
1543,512,88708,173.257812
1544,512,88792,173.421875
1545,512,88584,173.015625
1546,512,91542,178.792969
1547,512,89375,174.560547
1548,512,91750,179.199219
1549,512,90500,176.757812
1550,512,88959,173.748047
1551,512,88584,173.015625
1552,512,92375,180.419922
1553,512,92792,181.234375
1554,512,90750,177.246094
1555,512,91750,179.199219
1556,512,88875,173.583984
1557,512,93042,181.722656
1558,512,90833,177.408203
1559,512,90625,177.001953
1560,512,92833,181.314453
1561,512,90542,176.839844
1562,512,89959,175.701172
1563,512,89542,174.886719
1564,512,93625,182.861328
1565,512,91333,178.384766
1566,512,91209,178.142578
1567,512,92084,179.851562
1568,512,91042,177.816406
1569,512,92666,180.988281
1570,512,91333,178.384766
1571,512,91542,178.792969
1572,512,87708,171.304688
1573,512,93000,181.640625
1574,512,94292,184.164062
1575,512,90333,176.431641
1576,512,90333,176.431641
1577,512,92125,179.931641
1578,512,91625,178.955078
1579,512,90917,177.572266
1580,512,94000,183.593750
1581,512,94166,183.917969
1582,512,91208,178.140625
1583,512,92042,179.769531
1584,512,91875,179.443359
1585,512,89416,174.640625
1586,512,93459,182.537109
1587,512,88250,172.363281
1588,512,92125,179.931641
1589,512,88959,173.748047
1590,512,90250,176.269531
1591,512,89584,174.968750
1592,512,95541,186.603516
1593,512,91417,178.548828
1594,512,90875,177.490234
1595,512,91417,178.548828
1596,512,90459,176.677734
1597,512,93167,181.966797
1598,512,95667,186.849609
1599,512,91209,178.142578
1600,512,90959,177.654297
1601,512,90291,176.349609
1602,512,87083,170.083984
1603,512,89584,174.968750
1604,512,90625,177.001953
1605,512,88583,173.013672
1606,512,91208,178.140625
1607,512,92084,179.851562
1608,512,114041,222.736328
1609,512,119833,234.048828
1610,512,112125,218.994141
1611,512,99500,194.335938
1612,512,92625,180.908203
1613,512,94750,185.058594
1614,512,93916,183.429688
1615,512,118042,230.550781
1616,512,93000,181.640625
1617,512,92084,179.851562
1618,512,93750,183.105469
1619,512,92417,180.501953
1620,512,94000,183.593750
1621,512,91291,178.302734
1622,512,87125,170.166016
1623,512,89666,175.128906
1624,512,106917,208.822266
1625,512,100583,196.451172
1626,512,90667,177.083984
1627,512,92291,180.255859
1628,512,104084,203.289062
1629,512,97333,190.103516
1630,512,91792,179.281250
1631,512,93875,183.349609
1632,512,90583,176.919922
1633,512,96958,189.371094
1634,512,94667,184.896484
1635,512,103625,202.392578
1636,512,93666,182.941406
1637,512,92917,181.478516
1638,512,93833,183.267578
1639,512,94542,184.652344
1640,512,97709,190.837891
1641,512,99500,194.335938
1642,512,96333,188.150391
1643,512,95333,186.197266
1644,512,93500,182.617188
1645,512,97125,189.697266
1646,512,95333,186.197266
1647,512,100792,196.859375
1648,512,96666,188.800781
1649,512,97917,191.244141
1650,512,99791,194.904297
1651,512,97667,190.755859
1652,512,98333,192.056641
1653,512,102500,200.195312
1654,512,100375,196.044922
1655,512,107792,210.531250
1656,512,99250,193.847656
1657,512,104333,203.775391
1658,512,102875,200.927734
1659,512,112375,219.482422
1660,512,110416,215.656250
1661,512,107875,210.693359
1662,512,119584,233.562500
1663,512,102458,200.113281
1664,512,110291,215.412109
1665,512,119917,234.212891
1666,512,109917,214.681641
1667,512,95625,186.767578
1668,512,102167,199.544922
1669,512,122042,238.363281
1670,512,96833,189.126953
1671,512,98042,191.488281
1672,512,94916,185.382812
1673,512,95667,186.849609
1674,512,95500,186.523438
1675,512,95250,186.035156
1676,512,91708,179.117188
1677,512,94459,184.490234
1678,512,98250,191.894531
1679,512,99208,193.765625
1680,512,96083,187.662109
1681,512,93625,182.861328
1682,512,93333,182.291016
1683,512,103917,202.962891
1684,512,93375,182.373047
1685,512,93542,182.699219
1686,512,92791,181.232422
1687,512,92792,181.234375
1688,512,93833,183.267578
1689,512,92625,180.908203
1690,512,94459,184.490234
1691,512,92625,180.908203
1692,512,98625,192.626953
1693,512,124542,243.246094
1694,512,113417,221.517578
1695,512,110167,215.169922
1696,512,92583,180.826172
1697,512,93292,182.210938
1698,512,93750,183.105469
1699,512,94167,183.919922
1700,512,96167,187.826172
1701,512,92833,181.314453
1702,512,92209,180.095703
1703,512,93208,182.046875
1704,512,93583,182.779297
1705,512,92750,181.152344
1706,512,93375,182.373047
1707,512,91708,179.117188
1708,512,93167,181.966797
1709,512,94083,183.755859
1710,512,96958,189.371094
1711,512,96042,187.582031
1712,512,90667,177.083984
1713,512,94458,184.488281
1714,512,93375,182.373047
1715,512,93958,183.511719
1716,512,93875,183.349609
1717,512,94666,184.894531
1718,512,93000,181.640625
1719,512,93125,181.884766
1720,512,95084,185.710938
1721,512,90333,176.431641
1722,512,92000,179.687500
1723,512,92333,180.337891
1724,512,93792,183.187500
1725,512,89333,174.478516
1726,512,95125,185.791016
1727,512,90625,177.001953
1728,512,93083,181.802734
1729,512,88917,173.666016
1730,512,91166,178.058594
1731,512,90917,177.572266
1732,512,88291,172.443359
1733,512,89709,175.212891
1734,512,89916,175.617188
1735,512,90083,175.943359
1736,512,90125,176.025391
1737,512,91708,179.117188
1738,512,89500,174.804688
1739,512,90542,176.839844
1740,512,87958,171.792969
1741,512,89583,174.966797
1742,512,90333,176.431641
1743,512,89958,175.699219
1744,512,91292,178.304688
1745,512,94167,183.919922
1746,512,89959,175.701172
1747,512,97041,189.533203
1748,512,90042,175.863281
1749,512,89500,174.804688
1750,512,88958,173.746094
1751,512,90542,176.839844
1752,512,89416,174.640625
1753,512,89542,174.886719
1754,512,87750,171.386719
1755,512,87166,170.246094
1756,512,89958,175.699219
1757,512,92917,181.478516
1758,512,91250,178.222656
1759,512,90000,175.781250
1760,512,87291,170.490234
1761,512,90708,177.164062
1762,512,88417,172.689453
1763,512,89792,175.375000
1764,512,90708,177.164062
1765,512,89333,174.478516
1766,512,91875,179.443359
1767,512,90625,177.001953
1768,512,90667,177.083984
1769,512,86917,169.759766
1770,512,88917,173.666016
1771,512,89334,174.480469
1772,512,91667,179.037109
1773,512,94333,184.244141
1774,512,89292,174.398438
1775,512,92375,180.419922
1776,512,87542,170.980469
1777,512,86041,168.048828
1778,512,91458,178.628906
1779,512,89000,173.828125
1780,512,87375,170.654297
1781,512,89208,174.234375
1782,512,92375,180.419922
1783,512,117083,228.677734
1784,512,106959,208.904297
1785,512,109875,214.599609
1786,512,102542,200.277344
1787,512,92541,180.744141
1788,512,90000,175.781250
1789,512,91167,178.060547
1790,512,89459,174.724609
1791,512,89292,174.398438
1792,512,90458,176.675781
1793,512,86834,169.597656
1794,512,88000,171.875000
1795,512,89417,174.642578
1796,512,89417,174.642578
1797,512,90750,177.246094
1798,512,95167,185.873047
1799,512,88291,172.443359
1800,512,89208,174.234375
1801,512,87959,171.794922
1802,512,95458,186.441406
1803,512,88208,172.281250
1804,512,90542,176.839844
1805,512,87583,171.060547
1806,512,86000,167.968750
1807,512,100167,195.638672
1808,512,93542,182.699219
1809,512,88125,172.119141
1810,512,87834,171.550781
1811,512,87916,171.710938
1812,512,89750,175.292969
1813,512,87042,170.003906
1814,512,87375,170.654297
1815,512,89834,175.457031
1816,512,88125,172.119141
1817,512,86833,169.595703
1818,512,95875,187.255859
1819,512,93583,182.779297
1820,512,104959,204.998047
1821,512,92459,180.583984
1822,512,88250,172.363281
1823,512,90792,177.328125
1824,512,90625,177.001953
1825,512,92042,179.769531
1826,512,91416,178.546875
1827,512,86834,169.597656
1828,512,88833,173.501953
1829,512,88958,173.746094
1830,512,86875,169.677734
1831,512,90250,176.269531
1832,512,89542,174.886719
1833,512,86750,169.433594
1834,512,85041,166.095703
1835,512,89417,174.642578
1836,512,88750,173.339844
1837,512,88000,171.875000
1838,512,89125,174.072266
1839,512,88834,173.503906
1840,512,89375,174.560547
1841,512,88625,173.095703
1842,512,90291,176.349609
1843,512,89833,175.455078
1844,512,89292,174.398438
1845,512,90208,176.187500
1846,512,88625,173.095703
1847,512,88875,173.583984
1848,512,90917,177.572266
1849,512,91583,178.873047
1850,512,88333,172.525391
1851,512,88084,172.039062
1852,512,89958,175.699219
1853,512,90125,176.025391
1854,512,88500,172.851562
1855,512,88375,172.607422
1856,512,87584,171.062500
1857,512,88834,173.503906
1858,512,88000,171.875000
1859,512,88542,172.933594
1860,512,86500,168.945312
1861,512,87000,169.921875
1862,512,87917,171.712891
1863,512,88583,173.013672
1864,512,90875,177.490234
1865,512,94708,184.976562
1866,512,87750,171.386719
1867,512,88458,172.769531
1868,512,87458,170.816406
1869,512,88583,173.013672
1870,512,88708,173.257812
1871,512,91458,178.628906
1872,512,90917,177.572266
1873,512,96375,188.232422
1874,512,112417,219.564453
1875,512,121541,237.384766
1876,512,118209,230.876953
1877,512,104916,204.914062
1878,512,97834,191.082031
1879,512,96292,188.070312
1880,512,94250,184.082031
1881,512,98792,192.953125
1882,512,106000,207.031250
1883,512,91667,179.037109
1884,512,90625,177.001953
1885,512,89833,175.455078
1886,512,90042,175.863281
1887,512,92000,179.687500
1888,512,91500,178.710938
1889,512,90500,176.757812
1890,512,91583,178.873047
1891,512,89333,174.478516
1892,512,93167,181.966797
1893,512,90208,176.187500
1894,512,91333,178.384766
1895,512,91834,179.363281
1896,512,91167,178.060547
1897,512,91625,178.955078
1898,512,90333,176.431641
1899,512,89875,175.537109
1900,512,93542,182.699219
1901,512,91125,177.978516
1902,512,90458,176.675781
1903,512,90208,176.187500
1904,512,89125,174.072266
1905,512,89833,175.455078
1906,512,89042,173.910156
1907,512,87750,171.386719
1908,512,88125,172.119141
1909,512,102875,200.927734
1910,512,95959,187.419922
1911,512,90250,176.269531
1912,512,96458,188.394531
1913,512,88959,173.748047
1914,512,89500,174.804688
1915,512,90166,176.105469
1916,512,92375,180.419922
1917,512,94417,184.408203
1918,512,88916,173.664062
1919,512,89584,174.968750
1920,512,88667,173.177734
1921,512,90583,176.919922
1922,512,88417,172.689453
1923,512,88958,173.746094
1924,512,87916,171.710938
1925,512,89375,174.560547
1926,512,88000,171.875000
1927,512,88875,173.583984
1928,512,88375,172.607422
1929,512,87833,171.548828
1930,512,90542,176.839844
1931,512,87208,170.328125
1932,512,89708,175.210938
1933,512,89500,174.804688
1934,512,87375,170.654297
1935,512,89041,173.908203
1936,512,94083,183.755859
1937,512,90458,176.675781
1938,512,91584,178.875000
1939,512,90791,177.326172
1940,512,87083,170.083984
1941,512,91417,178.548828
1942,512,90459,176.677734
1943,512,88083,172.037109
1944,512,87416,170.734375
1945,512,90208,176.187500
1946,512,89000,173.828125
1947,512,85708,167.398438
1948,512,87875,171.630859
1949,512,90250,176.269531
1950,512,88375,172.607422
1951,512,91250,178.222656
1952,512,86541,169.025391
1953,512,90083,175.943359
1954,512,89917,175.619141
1955,512,95167,185.873047
1956,512,92416,180.500000
1957,512,89584,174.968750
1958,512,90792,177.328125
1959,512,89458,174.722656
1960,512,88375,172.607422
1961,512,88625,173.095703
1962,512,89625,175.048828
1963,512,88084,172.039062
1964,512,89167,174.154297
1965,512,92208,180.093750
1966,512,90333,176.431641
1967,512,87500,170.898438
1968,512,89625,175.048828
1969,512,88417,172.689453
1970,512,88334,172.527344
1971,512,88834,173.503906
1972,512,86750,169.433594
1973,512,88125,172.119141
1974,512,92500,180.664062
1975,512,86958,169.839844
1976,512,88167,172.201172
1977,512,90750,177.246094
1978,512,90334,176.433594
1979,512,90416,176.593750
1980,512,91167,178.060547
1981,512,88916,173.664062
1982,512,90333,176.431641
1983,512,90125,176.025391
1984,512,88209,172.283203
1985,512,102459,200.115234
1986,512,94834,185.222656
1987,512,90250,176.269531
1988,512,87667,171.224609
1989,512,97416,190.265625
1990,512,95667,186.849609
1991,512,89708,175.210938
1992,512,91833,179.361328
1993,512,93417,182.455078
1994,512,95000,185.546875
1995,512,94625,184.814453
1996,512,101292,197.835938
1997,512,91791,179.279297
1998,512,95375,186.279297
1999,512,93833,183.267578
2000,512,95542,186.605469
2001,512,102625,200.439453
2002,512,95208,185.953125
2003,512,94625,184.814453
2004,512,91667,179.037109
2005,512,92792,181.234375
2006,512,102042,199.300781
2007,512,96667,188.802734
2008,512,97084,189.617188
2009,512,96291,188.068359
2010,512,96375,188.232422
2011,512,100458,196.207031
2012,512,106459,207.927734
2013,512,104292,203.695312
2014,512,105916,206.867188
2015,512,99542,194.417969
2016,512,101500,198.242188
2017,512,96791,189.044922
2018,512,101375,197.998047
2019,512,126459,246.990234
2020,512,121000,236.328125
2021,512,113375,221.435547
2022,512,113000,220.703125
2023,512,110750,216.308594
2024,512,108083,211.099609
2025,512,151334,295.574219
2026,512,152834,298.503906
2027,512,109209,213.298828
2028,512,139583,272.623047
2029,512,109583,214.029297
2030,512,123542,241.292969
2031,512,123166,240.558594
2032,512,132459,258.708984
2033,512,104125,203.369141
2034,512,105084,205.242188
2035,512,107125,209.228516
2036,512,117166,228.839844
2037,512,112125,218.994141
2038,512,104584,204.265625
2039,512,106834,208.660156
2040,512,107709,210.369141
2041,512,103791,202.716797
2042,512,101083,197.427734
2043,512,104417,203.939453
2044,512,101500,198.242188
2045,512,99833,194.986328
2046,512,100583,196.451172
2047,512,103084,201.335938
2048,512,97541,190.509766
2049,512,101833,198.892578
2050,512,106500,208.007812
2051,512,99250,193.847656
2052,512,100542,196.371094
2053,512,100166,195.636719
2054,512,112917,220.541016
2055,512,109291,213.458984
2056,512,100709,196.697266
2057,512,100583,196.451172
2058,512,99458,194.253906
2059,512,100208,195.718750
2060,512,98334,192.058594
2061,512,101250,197.753906
2062,512,94166,183.917969
2063,512,96792,189.046875
2064,512,95125,185.791016
2065,512,96208,187.906250
2066,512,98167,191.732422
2067,512,96500,188.476562
2068,512,94625,184.814453
2069,512,98708,192.789062
2070,512,98500,192.382812
2071,512,98584,192.546875
2072,512,96916,189.289062
2073,512,97084,189.617188
2074,512,102708,200.601562
2075,512,97375,190.185547
2076,512,92875,181.396484
2077,512,91875,179.443359
2078,512,96125,187.744141
2079,512,96500,188.476562
2080,512,101125,197.509766
2081,512,100166,195.636719
2082,512,96458,188.394531
2083,512,95334,186.199219
2084,512,94958,185.464844
2085,512,96625,188.720703
2086,512,92041,179.767578
2087,512,93959,183.513672
2088,512,94500,184.570312
2089,512,91250,178.222656
2090,512,93459,182.537109
2091,512,93458,182.535156
2092,512,94541,184.650391
2093,512,91375,178.466797
2094,512,92375,180.419922
2095,512,96250,187.988281
2096,512,93084,181.804688
2097,512,95541,186.603516
2098,512,94875,185.302734
2099,512,94750,185.058594
2100,512,94000,183.593750
2101,512,94791,185.138672
2102,512,92625,180.908203
2103,512,89792,175.375000
2104,512,92042,179.769531
2105,512,90958,177.652344
2106,512,90917,177.572266
2107,512,93875,183.349609
2108,512,92125,179.931641
2109,512,91375,178.466797
2110,512,91459,178.630859
2111,512,90583,176.919922
2112,512,92708,181.070312
2113,512,89334,174.480469
2114,512,90791,177.326172
2115,512,87792,171.468750
2116,512,102583,200.357422
2117,512,90125,176.025391
2118,512,92250,180.175781
2119,512,97083,189.615234
2120,512,88416,172.687500
2121,512,95000,185.546875
2122,512,91750,179.199219
2123,512,90208,176.187500
2124,512,89917,175.619141
2125,512,97416,190.265625
2126,512,93125,181.884766
2127,512,93000,181.640625
2128,512,108500,211.914062
2129,512,93500,182.617188
2130,512,92625,180.908203
2131,512,91792,179.281250
2132,512,89791,175.373047
2133,512,90875,177.490234
2134,512,90458,176.675781
2135,512,91709,179.119141
2136,512,93666,182.941406
2137,512,92584,180.828125
2138,512,87750,171.386719
2139,512,88083,172.037109
2140,512,89083,173.990234
2141,512,90084,175.945312
2142,512,90583,176.919922
2143,512,94208,184.000000
2144,512,88083,172.037109
2145,512,87584,171.062500
2146,512,88250,172.363281
2147,512,87167,170.248047
2148,512,89500,174.804688
2149,512,89375,174.560547
2150,512,88791,173.419922
2151,512,87292,170.492188
2152,512,89541,174.884766
2153,512,87459,170.818359
2154,512,89250,174.316406
2155,512,91166,178.058594
2156,512,91042,177.816406
2157,512,90083,175.943359
2158,512,89083,173.990234
2159,512,91583,178.873047
2160,512,87292,170.492188
2161,512,87375,170.654297
2162,512,91000,177.734375
2163,512,87292,170.492188
2164,512,89250,174.316406
2165,512,87334,170.574219
2166,512,90000,175.781250
2167,512,88500,172.851562
2168,512,86541,169.025391
2169,512,90042,175.863281
2170,512,88708,173.257812
2171,512,96542,188.558594
2172,512,88916,173.664062
2173,512,108292,211.507812
2174,512,94708,184.976562
2175,512,86792,169.515625
2176,512,86708,169.351562
2177,512,91500,178.710938
2178,512,88958,173.746094
2179,512,88500,172.851562
2180,512,96750,188.964844
2181,512,91167,178.060547
2182,512,93292,182.210938
2183,512,88500,172.851562
2184,512,88375,172.607422
2185,512,90458,176.675781
2186,512,88458,172.769531
2187,512,88250,172.363281
2188,512,88500,172.851562
2189,512,89875,175.537109
2190,512,87541,170.978516
2191,512,90000,175.781250
2192,512,85625,167.236328
2193,512,88875,173.583984
2194,512,88667,173.177734
2195,512,87958,171.792969
2196,512,87958,171.792969
2197,512,86625,169.189453
2198,512,89708,175.210938
2199,512,88458,172.769531
2200,512,87334,170.574219
2201,512,86125,168.212891
2202,512,87000,169.921875
2203,512,88625,173.095703
2204,512,88083,172.037109
2205,512,88542,172.933594
2206,512,87833,171.548828
2207,512,87167,170.248047
2208,512,87167,170.248047
2209,512,91125,177.978516
2210,512,87333,170.572266
2211,512,86542,169.027344
2212,512,87958,171.792969
2213,512,88167,172.201172
2214,512,88083,172.037109
2215,512,89375,174.560547
2216,512,86750,169.433594
2217,512,86000,167.968750
2218,512,94792,185.140625
2219,512,88416,172.687500
2220,512,88458,172.769531
2221,512,94209,184.001953
2222,512,95042,185.628906
2223,512,88083,172.037109
2224,512,88084,172.039062
2225,512,84750,165.527344
2226,512,85291,166.583984
2227,512,84792,165.609375
2228,512,87166,170.246094
2229,512,84959,165.935547
2230,512,89666,175.128906
2231,512,89417,174.642578
2232,512,86375,168.701172
2233,512,89416,174.640625
2234,512,86334,168.621094
2235,512,87959,171.794922
2236,512,87000,169.921875
2237,512,86084,168.132812
2238,512,87792,171.468750
2239,512,88458,172.769531
2240,512,86167,168.294922
2241,512,86166,168.292969
2242,512,86458,168.863281
2243,512,84209,164.470703
2244,512,87916,171.710938
2245,512,86500,168.945312
2246,512,87916,171.710938
2247,512,88625,173.095703
2248,512,86208,168.375000
2249,512,91250,178.222656
2250,512,86375,168.701172
2251,512,88583,173.013672
2252,512,89750,175.292969
2253,512,85250,166.503906
2254,512,86917,169.759766
2255,512,88667,173.177734
2256,512,90916,177.570312
2257,512,87042,170.003906
2258,512,87542,170.980469
2259,512,87542,170.980469
2260,512,86250,168.457031
2261,512,84916,165.851562
2262,512,85209,166.423828
2263,512,85541,167.072266
2264,512,87625,171.142578
2265,512,87709,171.306641
2266,512,94291,184.162109
2267,512,86959,169.841797
2268,512,85541,167.072266
2269,512,86542,169.027344
2270,512,88750,173.339844
2271,512,92334,180.339844
2272,512,87541,170.978516
2273,512,86417,168.783203
2274,512,88708,173.257812
2275,512,89208,174.234375
2276,512,89875,175.537109
2277,512,91625,178.955078
2278,512,90166,176.105469
2279,512,89000,173.828125
2280,512,90709,177.166016
2281,512,88166,172.199219
2282,512,90209,176.189453
2283,512,89375,174.560547
2284,512,90291,176.349609
2285,512,86875,169.677734
2286,512,88000,171.875000
2287,512,87916,171.710938
2288,512,86750,169.433594
2289,512,86958,169.839844
2290,512,88500,172.851562
2291,512,89042,173.910156
2292,512,86875,169.677734
2293,512,86833,169.595703
2294,512,88000,171.875000
2295,512,88208,172.281250
2296,512,89042,173.910156
2297,512,87916,171.710938
2298,512,87584,171.062500
2299,512,86375,168.701172
2300,512,88208,172.281250
2301,512,88167,172.201172
2302,512,88333,172.525391
2303,512,86750,169.433594
2304,512,87667,171.224609
2305,512,88458,172.769531
2306,512,88083,172.037109
2307,512,89292,174.398438
2308,512,86958,169.839844
2309,512,86750,169.433594
2310,512,85708,167.398438
2311,512,89375,174.560547
2312,512,86250,168.457031
2313,512,95833,187.173828
2314,512,88583,173.013672
2315,512,87500,170.898438
2316,512,90292,176.351562
2317,512,89375,174.560547
2318,512,89167,174.154297
2319,512,86167,168.294922
2320,512,87083,170.083984
2321,512,88750,173.339844
2322,512,88625,173.095703
2323,512,88583,173.013672
2324,512,89500,174.804688
2325,512,88917,173.666016
2326,512,87750,171.386719
2327,512,89458,174.722656
2328,512,88875,173.583984
2329,512,85583,167.154297
2330,512,87667,171.224609
2331,512,90042,175.863281
2332,512,88916,173.664062
2333,512,86750,169.433594
2334,512,90625,177.001953
2335,512,103833,202.798828
2336,512,87250,170.410156
2337,512,89792,175.375000
2338,512,87958,171.792969
2339,512,88416,172.687500
2340,512,88000,171.875000
2341,512,85792,167.562500
2342,512,87500,170.898438
2343,512,88958,173.746094
2344,512,90792,177.328125
2345,512,91084,177.898438
2346,512,89500,174.804688
2347,512,88333,172.525391
2348,512,102167,199.544922
2349,512,105250,205.566406
2350,512,86916,169.757812
2351,512,91167,178.060547
2352,512,104500,204.101562
2353,512,89375,174.560547
2354,512,92292,180.257812
2355,512,92667,180.990234
2356,512,92791,181.232422
2357,512,93584,182.781250
2358,512,91625,178.955078
2359,512,100042,195.394531
2360,512,95125,185.791016
2361,512,90416,176.593750
2362,512,94167,183.919922
2363,512,99542,194.417969
2364,512,113167,221.029297
2365,512,97375,190.185547
2366,512,102583,200.357422
2367,512,99916,195.148438
2368,512,122083,238.443359
2369,512,143917,281.087891
2370,512,126416,246.906250
2371,512,115875,226.318359
2372,512,114792,224.203125
2373,512,120166,234.699219
2374,512,114333,223.306641
2375,512,116709,227.947266
2376,512,127750,249.511719
2377,512,114000,222.656250
2378,512,112333,219.400391
2379,512,121042,236.410156
2380,512,117000,228.515625
2381,512,110417,215.658203
2382,512,122750,239.746094
2383,512,99833,194.986328
2384,512,104708,204.507812
2385,512,100459,196.208984
2386,512,100792,196.859375
2387,512,99833,194.986328
2388,512,98375,192.138672
2389,512,99708,194.742188
2390,512,99958,195.230469
2391,512,99000,193.359375
2392,512,98292,191.976562
2393,512,97833,191.080078
2394,512,98667,192.708984
2395,512,101417,198.080078
2396,512,97667,190.755859
2397,512,98542,192.464844
2398,512,101959,199.138672
2399,512,101583,198.404297
2400,512,98042,191.488281
2401,512,96833,189.126953
2402,512,95250,186.035156
2403,512,95292,186.117188
2404,512,97291,190.021484
2405,512,99167,193.685547
2406,512,100792,196.859375
2407,512,95792,187.093750
2408,512,97334,190.105469
2409,512,95791,187.091797
2410,512,93959,183.513672
2411,512,100334,195.964844
2412,512,92166,180.011719
2413,512,96250,187.988281
2414,512,95125,185.791016
2415,512,97333,190.103516
2416,512,95917,187.337891
2417,512,96125,187.744141
2418,512,93709,183.025391
2419,512,95208,185.953125
2420,512,94375,184.326172
2421,512,95625,186.767578
2422,512,95083,185.708984
2423,512,95750,187.011719
2424,512,93000,181.640625
2425,512,95709,186.931641
2426,512,116250,227.050781
2427,512,111875,218.505859
2428,512,93167,181.966797
2429,512,93875,183.349609
2430,512,91334,178.386719
2431,512,93791,183.185547
2432,512,92250,180.175781
2433,512,96250,187.988281
2434,512,92500,180.664062
2435,512,93833,183.267578
2436,512,92333,180.337891
2437,512,94584,184.734375
2438,512,97750,190.917969
2439,512,92792,181.234375
2440,512,93625,182.861328
2441,512,102541,200.275391
2442,512,93250,182.128906
2443,512,99166,193.683594
2444,512,92084,179.851562
2445,512,93375,182.373047
2446,512,98041,191.486328
2447,512,95375,186.279297
2448,512,97334,190.105469
2449,512,99166,193.683594
2450,512,97875,191.162109
2451,512,99584,194.500000
2452,512,116334,227.214844
2453,512,92833,181.314453
2454,512,95666,186.847656
2455,512,96417,188.314453
2456,512,90166,176.105469
2457,512,90834,177.410156
2458,512,92500,180.664062
2459,512,89750,175.292969
2460,512,91667,179.037109
2461,512,92291,180.255859
2462,512,91334,178.386719
2463,512,89125,174.072266
2464,512,100833,196.939453
2465,512,94583,184.732422
2466,512,89792,175.375000
2467,512,90500,176.757812
2468,512,90417,176.595703
2469,512,93208,182.046875
2470,512,104792,204.671875
2471,512,94167,183.919922
2472,512,110083,215.005859
2473,512,89750,175.292969
2474,512,91125,177.978516
2475,512,93958,183.511719
2476,512,89667,175.130859
2477,512,89125,174.072266
2478,512,91208,178.140625
2479,512,92833,181.314453
2480,512,89375,174.560547
2481,512,92042,179.769531
2482,512,91750,179.199219
2483,512,89625,175.048828
2484,512,90167,176.107422
2485,512,90417,176.595703
2486,512,91625,178.955078
2487,512,89166,174.152344
2488,512,89417,174.642578
2489,512,89083,173.990234
2490,512,90458,176.675781
2491,512,89542,174.886719
2492,512,90125,176.025391
2493,512,89542,174.886719
2494,512,90041,175.861328
2495,512,89625,175.048828
2496,512,89917,175.619141
2497,512,92041,179.767578
2498,512,89625,175.048828
2499,512,89542,174.886719
2500,512,90292,176.351562
2501,512,90000,175.781250
2502,512,91209,178.142578
2503,512,91083,177.896484
2504,512,90542,176.839844
2505,512,91083,177.896484
2506,512,90791,177.326172
2507,512,90625,177.001953
2508,512,91208,178.140625
2509,512,86792,169.515625
2510,512,91416,178.546875
2511,512,88208,172.281250
2512,512,91208,178.140625
2513,512,91750,179.199219
2514,512,90042,175.863281
2515,512,87458,170.816406
2516,512,89708,175.210938
2517,512,89084,173.992188
2518,512,93917,183.431641
2519,512,90333,176.431641
2520,512,89334,174.480469
2521,512,91167,178.060547
2522,512,91125,177.978516
2523,512,91625,178.955078
2524,512,88291,172.443359
2525,512,88417,172.689453
2526,512,86583,169.107422
2527,512,89500,174.804688
2528,512,88875,173.583984
2529,512,90333,176.431641
2530,512,88792,173.421875
2531,512,89542,174.886719
2532,512,89833,175.455078
2533,512,90583,176.919922
2534,512,92667,180.990234
2535,512,89500,174.804688
2536,512,88375,172.607422
2537,512,88875,173.583984
2538,512,87500,170.898438
2539,512,90125,176.025391
2540,512,87167,170.248047
2541,512,87875,171.630859
2542,512,88125,172.119141
2543,512,89333,174.478516
2544,512,88042,171.957031
2545,512,87583,171.060547
2546,512,89209,174.236328
2547,512,88375,172.607422
2548,512,89709,175.212891
2549,512,87416,170.734375
2550,512,92958,181.558594
2551,512,87542,170.980469
2552,512,89208,174.234375
2553,512,95292,186.117188
2554,512,87000,169.921875
2555,512,88625,173.095703
2556,512,91042,177.816406
2557,512,87916,171.710938
2558,512,93084,181.804688
2559,512,89708,175.210938
2560,512,89500,174.804688
2561,512,89375,174.560547
2562,512,88542,172.933594
2563,512,89125,174.072266
2564,512,87375,170.654297
2565,512,86375,168.701172
2566,512,86208,168.375000
2567,512,87375,170.654297
2568,512,87209,170.330078
2569,512,91125,177.978516
2570,512,85834,167.644531
2571,512,87666,171.222656
2572,512,86292,168.539062
2573,512,86625,169.189453
2574,512,85250,166.503906
2575,512,88125,172.119141
2576,512,87250,170.410156
2577,512,89208,174.234375
2578,512,103375,201.904297
2579,512,88250,172.363281
2580,512,87584,171.062500
2581,512,89833,175.455078
2582,512,87625,171.142578
2583,512,89792,175.375000
2584,512,93208,182.046875
2585,512,89875,175.537109
2586,512,89208,174.234375
2587,512,89375,174.560547
2588,512,86792,169.515625
2589,512,90166,176.105469
2590,512,84792,165.609375
2591,512,88875,173.583984
2592,512,86042,168.050781
2593,512,86208,168.375000
2594,512,88000,171.875000
2595,512,87833,171.548828
2596,512,86959,169.841797
2597,512,91000,177.734375
2598,512,86584,169.109375
2599,512,87708,171.304688
2600,512,87417,170.736328
2601,512,88333,172.525391
2602,512,88625,173.095703
2603,512,87750,171.386719
2604,512,86500,168.945312
2605,512,89792,175.375000
2606,512,84750,165.527344
2607,512,87208,170.328125
2608,512,86292,168.539062
2609,512,88791,173.419922
2610,512,89667,175.130859
2611,512,84875,165.771484
2612,512,86666,169.269531
2613,512,89167,174.154297
2614,512,85708,167.398438
2615,512,88500,172.851562
2616,512,86750,169.433594
2617,512,86667,169.271484
2618,512,84292,164.632812
2619,512,86792,169.515625
2620,512,88709,173.259766
2621,512,86166,168.292969
2622,512,86667,169.271484
2623,512,87000,169.921875
2624,512,85000,166.015625
2625,512,85875,167.724609
2626,512,87375,170.654297
2627,512,87500,170.898438
2628,512,90334,176.433594
2629,512,87416,170.734375
2630,512,88667,173.177734
2631,512,84708,165.445312
2632,512,85583,167.154297
2633,512,87083,170.083984
2634,512,86667,169.271484
2635,512,86041,168.048828
2636,512,86292,168.539062
2637,512,86250,168.457031
2638,512,85250,166.503906
2639,512,87625,171.142578
2640,512,85125,166.259766
2641,512,87250,170.410156
2642,512,87916,171.710938
2643,512,85125,166.259766
2644,512,87084,170.085938
2645,512,87333,170.572266
2646,512,86833,169.595703
2647,512,87750,171.386719
2648,512,87875,171.630859
2649,512,87750,171.386719
2650,512,86000,167.968750
2651,512,91000,177.734375
2652,512,87583,171.060547
2653,512,85791,167.560547
2654,512,86375,168.701172
2655,512,85417,166.830078
2656,512,85334,166.667969
2657,512,87666,171.222656
2658,512,84917,165.853516
2659,512,84708,165.445312
2660,512,88250,172.363281
2661,512,85042,166.097656
2662,512,87166,170.246094
2663,512,83834,163.738281
2664,512,89833,175.455078
2665,512,90250,176.269531
2666,512,83916,163.898438
2667,512,89542,174.886719
2668,512,85500,166.992188
2669,512,87083,170.083984
2670,512,85542,167.074219
2671,512,85083,166.177734
2672,512,85041,166.095703
2673,512,85042,166.097656
2674,512,87625,171.142578
2675,512,87792,171.468750
2676,512,85875,167.724609
2677,512,86500,168.945312
2678,512,86583,169.107422
2679,512,85417,166.830078
2680,512,84875,165.771484
2681,512,84000,164.062500
2682,512,87916,171.710938
2683,512,83458,163.003906
2684,512,85250,166.503906
2685,512,85667,167.318359
2686,512,85000,166.015625
2687,512,88000,171.875000
2688,512,85792,167.562500
2689,512,86208,168.375000
2690,512,89208,174.234375
2691,512,90375,176.513672
2692,512,87625,171.142578
2693,512,86417,168.783203
2694,512,88833,173.501953
2695,512,86083,168.130859
2696,512,89959,175.701172
2697,512,88250,172.363281
2698,512,89542,174.886719
2699,512,88708,173.257812
2700,512,87125,170.166016
2701,512,84667,165.365234
2702,512,88166,172.199219
2703,512,87250,170.410156
2704,512,88417,172.689453
2705,512,88750,173.339844
2706,512,87083,170.083984
2707,512,87459,170.818359
2708,512,87416,170.734375
2709,512,87500,170.898438
2710,512,87208,170.328125
2711,512,87750,171.386719
2712,512,91084,177.898438
2713,512,87875,171.630859
2714,512,104250,203.613281
2715,512,87042,170.003906
2716,512,87708,171.304688
2717,512,90417,176.595703
2718,512,88792,173.421875
2719,512,95125,185.791016
2720,512,91667,179.037109
2721,512,89917,175.619141
2722,512,93000,181.640625
2723,512,99250,193.847656
2724,512,95083,185.708984
2725,512,90583,176.919922
2726,512,90125,176.025391
2727,512,90084,175.945312
2728,512,92791,181.232422
2729,512,90375,176.513672
2730,512,92709,181.072266
2731,512,91208,178.140625
2732,512,91208,178.140625
2733,512,92125,179.931641
2734,512,91000,177.734375
2735,512,89833,175.455078
2736,512,89584,174.968750
2737,512,88916,173.664062
2738,512,95792,187.093750
2739,512,92458,180.582031
2740,512,92875,181.396484
2741,512,97833,191.080078
2742,512,91250,178.222656
2743,512,92125,179.931641
2744,512,127458,248.941406
2745,512,138917,271.322266
2746,512,104584,204.265625
2747,512,100167,195.638672
2748,512,102917,201.009766
2749,512,99916,195.148438
2750,512,100417,196.126953
2751,512,103208,201.578125
2752,512,100042,195.394531
2753,512,103459,202.068359
2754,512,100291,195.880859
2755,512,103458,202.066406
2756,512,101584,198.406250
2757,512,100333,195.962891
2758,512,99083,193.521484
2759,512,99417,194.173828
2760,512,97250,189.941406
2761,512,99583,194.498047
2762,512,94458,184.488281
2763,512,95792,187.093750
2764,512,109958,214.761719
2765,512,98458,192.300781
2766,512,107125,209.228516
2767,512,100166,195.636719
2768,512,107292,209.554688
2769,512,98917,193.197266
2770,512,98916,193.195312
2771,512,96542,188.558594
2772,512,95375,186.279297
2773,512,97041,189.533203
2774,512,98417,192.220703
2775,512,100916,197.101562
2776,512,94209,184.001953
2777,512,93750,183.105469
2778,512,92625,180.908203
2779,512,96459,188.396484
2780,512,94458,184.488281
2781,512,97416,190.265625
2782,512,95250,186.035156
2783,512,91791,179.279297
2784,512,91667,179.037109
2785,512,94791,185.138672
2786,512,94375,184.326172
2787,512,90708,177.164062
2788,512,92458,180.582031
2789,512,92584,180.828125
2790,512,93375,182.373047
2791,512,94292,184.164062
2792,512,96875,189.208984
2793,512,95750,187.011719
2794,512,92125,179.931641
2795,512,92542,180.746094
2796,512,90666,177.082031
2797,512,90500,176.757812
2798,512,93084,181.804688
2799,512,91916,179.523438
2800,512,92583,180.826172
2801,512,97500,190.429688
2802,512,91833,179.361328
2803,512,91875,179.443359
2804,512,91625,178.955078
2805,512,93542,182.699219
2806,512,90666,177.082031
2807,512,97542,190.511719
2808,512,90417,176.595703
2809,512,94708,184.976562
2810,512,89875,175.537109
2811,512,91375,178.466797
2812,512,91041,177.814453
2813,512,91875,179.443359
2814,512,93667,182.943359
2815,512,88708,173.257812
2816,512,89167,174.154297
2817,512,94709,184.978516
2818,512,91291,178.302734
2819,512,89417,174.642578
2820,512,92750,181.152344
2821,512,89084,173.992188
2822,512,90416,176.593750
2823,512,92042,179.769531
2824,512,88250,172.363281
2825,512,89375,174.560547
2826,512,90875,177.490234
2827,512,90500,176.757812
2828,512,92625,180.908203
2829,512,87583,171.060547
2830,512,90667,177.083984
2831,512,89833,175.455078
2832,512,91042,177.816406
2833,512,89208,174.234375
2834,512,90917,177.572266
2835,512,88917,173.666016
2836,512,89416,174.640625
2837,512,88583,173.013672
2838,512,87084,170.085938
2839,512,90125,176.025391
2840,512,87041,170.001953
2841,512,89667,175.130859
2842,512,90417,176.595703
2843,512,95042,185.628906
2844,512,91583,178.873047
2845,512,94833,185.220703
2846,512,89334,174.480469
2847,512,86083,168.130859
2848,512,86333,168.619141
2849,512,89500,174.804688
2850,512,90583,176.919922
2851,512,89500,174.804688
2852,512,87459,170.818359
2853,512,91583,178.873047
2854,512,87542,170.980469
2855,512,88459,172.771484
2856,512,92833,181.314453
2857,512,88750,173.339844
2858,512,91833,179.361328
2859,512,89250,174.316406
2860,512,86250,168.457031
2861,512,89750,175.292969
2862,512,87250,170.410156
2863,512,88083,172.037109
2864,512,86416,168.781250
2865,512,89459,174.724609
2866,512,87708,171.304688
2867,512,91833,179.361328
2868,512,89875,175.537109
2869,512,89916,175.617188
2870,512,92875,181.396484
2871,512,87334,170.574219
2872,512,89958,175.699219
2873,512,94500,184.570312
2874,512,87083,170.083984
2875,512,88458,172.769531
2876,512,88125,172.119141
2877,512,88958,173.746094
2878,512,85916,167.804688
2879,512,88000,171.875000
2880,512,87292,170.492188
2881,512,91334,178.386719
2882,512,89333,174.478516
2883,512,86917,169.759766
2884,512,93500,182.617188
2885,512,85792,167.562500
2886,512,88250,172.363281
2887,512,89084,173.992188
2888,512,85708,167.398438
2889,512,89250,174.316406
2890,512,88250,172.363281
2891,512,85291,166.583984
2892,512,87875,171.630859
2893,512,86042,168.050781
2894,512,89250,174.316406
2895,512,92334,180.339844
2896,512,88583,173.013672
2897,512,87750,171.386719
2898,512,86417,168.783203
2899,512,88791,173.419922
2900,512,92334,180.339844
2901,512,88292,172.445312
2902,512,107583,210.123047
2903,512,91333,178.384766
2904,512,86250,168.457031
2905,512,87583,171.060547
2906,512,86583,169.107422
2907,512,88584,173.015625
2908,512,90625,177.001953
2909,512,88125,172.119141
2910,512,82625,161.376953
2911,512,91833,179.361328
2912,512,86667,169.271484
2913,512,85750,167.480469
2914,512,86083,168.130859
2915,512,87625,171.142578
2916,512,85625,167.236328
2917,512,84625,165.283203
2918,512,90791,177.326172
2919,512,88083,172.037109
2920,512,86000,167.968750
2921,512,86750,169.433594
2922,512,87042,170.003906
2923,512,86583,169.107422
2924,512,86917,169.759766
2925,512,87042,170.003906
2926,512,86667,169.271484
2927,512,87583,171.060547
2928,512,88250,172.363281
2929,512,86625,169.189453
2930,512,86500,168.945312
2931,512,86042,168.050781
2932,512,86584,169.109375
2933,512,87209,170.330078
2934,512,87541,170.978516
2935,512,88959,173.748047
2936,512,90459,176.677734
2937,512,84750,165.527344
2938,512,88084,172.039062
2939,512,87750,171.386719
2940,512,90209,176.189453
2941,512,87750,171.386719
2942,512,89500,174.804688
2943,512,91250,178.222656
2944,512,104792,204.671875
2945,512,86750,169.433594
2946,512,86375,168.701172
2947,512,91167,178.060547
2948,512,90791,177.326172
2949,512,87875,171.630859
2950,512,89542,174.886719
2951,512,86208,168.375000
2952,512,87042,170.003906
2953,512,86750,169.433594
2954,512,88042,171.957031
2955,512,85625,167.236328
2956,512,87083,170.083984
2957,512,86541,169.025391
2958,512,86458,168.863281
2959,512,89708,175.210938
2960,512,87875,171.630859
2961,512,86917,169.759766
2962,512,85416,166.828125
2963,512,87625,171.142578
2964,512,87833,171.548828
2965,512,88833,173.501953
2966,512,87333,170.572266
2967,512,90250,176.269531
2968,512,87791,171.466797
2969,512,87709,171.306641
2970,512,85458,166.910156
2971,512,86666,169.269531
2972,512,90250,176.269531
2973,512,88000,171.875000
2974,512,86917,169.759766
2975,512,88750,173.339844
2976,512,87917,171.712891
2977,512,90083,175.943359
2978,512,86917,169.759766
2979,512,87833,171.548828
2980,512,88458,172.769531
2981,512,88708,173.257812
2982,512,87125,170.166016
2983,512,86708,169.351562
2984,512,86375,168.701172
2985,512,87375,170.654297
2986,512,87042,170.003906
2987,512,83250,162.597656
2988,512,86875,169.677734
2989,512,86750,169.433594
2990,512,88250,172.363281
2991,512,85042,166.097656
2992,512,86291,168.537109
2993,512,86500,168.945312
2994,512,87208,170.328125
2995,512,95458,186.441406
2996,512,85125,166.259766
2997,512,89666,175.128906
2998,512,92250,180.175781
2999,512,87250,170.410156
3000,512,97042,189.535156
3001,512,93417,182.455078
3002,512,88875,173.583984
3003,512,87208,170.328125
3004,512,85167,166.341797
3005,512,87000,169.921875
3006,512,87667,171.224609
3007,512,85208,166.421875
3008,512,87833,171.548828
3009,512,85000,166.015625
3010,512,88708,173.257812
3011,512,84292,164.632812
3012,512,85542,167.074219
3013,512,86333,168.619141
3014,512,85583,167.154297
3015,512,84000,164.062500
3016,512,86792,169.515625
3017,512,87333,170.572266
3018,512,84875,165.771484
3019,512,84375,164.794922
3020,512,86750,169.433594
3021,512,84250,164.550781
3022,512,83333,162.759766
3023,512,87666,171.222656
3024,512,85667,167.318359
3025,512,84875,165.771484
3026,512,87292,170.492188
3027,512,85917,167.806641
3028,512,84292,164.632812
3029,512,85333,166.666016
3030,512,85250,166.503906
3031,512,88083,172.037109
3032,512,87000,169.921875
3033,512,86041,168.048828
3034,512,88250,172.363281
3035,512,85042,166.097656
3036,512,85375,166.748047
3037,512,87458,170.816406
3038,512,86667,169.271484
3039,512,86917,169.759766
3040,512,86542,169.027344
3041,512,87042,170.003906
3042,512,85542,167.074219
3043,512,93959,183.513672
3044,512,86750,169.433594
3045,512,87375,170.654297
3046,512,88083,172.037109
3047,512,87750,171.386719
3048,512,86833,169.595703
3049,512,86416,168.781250
3050,512,83959,163.982422
3051,512,86375,168.701172
3052,512,85667,167.318359
3053,512,84667,165.365234
3054,512,85791,167.560547
3055,512,88000,171.875000
3056,512,87375,170.654297
3057,512,84750,165.527344
3058,512,86875,169.677734
3059,512,86209,168.376953
3060,512,84291,164.630859
3061,512,86750,169.433594
3062,512,86334,168.621094
3063,512,84916,165.851562
3064,512,87459,170.818359
3065,512,84875,165.771484
3066,512,85417,166.830078
3067,512,86459,168.865234
3068,512,87000,169.921875
3069,512,87458,170.816406
3070,512,85583,167.154297
3071,512,87417,170.736328
3072,512,88875,173.583984
3073,512,84292,164.632812
3074,512,89375,174.560547
3075,512,90208,176.187500
3076,512,87167,170.248047
3077,512,89625,175.048828
3078,512,88250,172.363281
3079,512,87542,170.980469
3080,512,91000,177.734375
3081,512,87833,171.548828
3082,512,86083,168.130859
3083,512,96583,188.638672
3084,512,109250,213.378906
3085,512,86584,169.109375
3086,512,86625,169.189453
3087,512,85625,167.236328
3088,512,97375,190.185547
3089,512,89625,175.048828
3090,512,96667,188.802734
3091,512,90458,176.675781
3092,512,91208,178.140625
3093,512,95125,185.791016
3094,512,90250,176.269531
3095,512,95083,185.708984
3096,512,99500,194.335938
3097,512,91750,179.199219
3098,512,94916,185.382812
3099,512,97875,191.162109
3100,512,99459,194.255859
3101,512,96584,188.640625
3102,512,98125,191.650391
3103,512,107125,209.228516
3104,512,101500,198.242188
3105,512,104375,203.857422
3106,512,107375,209.716797
3107,512,116208,226.968750
3108,512,93167,181.966797
3109,512,122791,239.826172
3110,512,99375,194.091797
3111,512,111083,216.958984
3112,512,109292,213.460938
3113,512,112458,219.644531
3114,512,95042,185.628906
3115,512,101125,197.509766
3116,512,119250,232.910156
3117,512,93166,181.964844
3118,512,94667,184.896484
3119,512,96833,189.126953
3120,512,93958,183.511719
3121,512,89333,174.478516
3122,512,90750,177.246094
3123,512,92792,181.234375
3124,512,95583,186.685547
3125,512,94958,185.464844
3126,512,94792,185.140625
3127,512,91125,177.978516
3128,512,93166,181.964844
3129,512,93125,181.884766
3130,512,102250,199.707031
3131,512,89209,174.236328
3132,512,97875,191.162109
3133,512,93000,181.640625
3134,512,90041,175.861328
3135,512,91792,179.281250
3136,512,91625,178.955078
3137,512,92667,180.990234
3138,512,87792,171.468750
3139,512,92167,180.013672
3140,512,93166,181.964844
3141,512,90458,176.675781
3142,512,92583,180.826172
3143,512,94208,184.000000
3144,512,93209,182.048828
3145,512,91834,179.363281
3146,512,90791,177.326172
3147,512,93334,182.292969
3148,512,91708,179.117188
3149,512,93500,182.617188
3150,512,90500,176.757812
3151,512,95166,185.871094
3152,512,90417,176.595703
3153,512,90708,177.164062
3154,512,91917,179.525391
3155,512,89250,174.316406
3156,512,90833,177.408203
3157,512,92042,179.769531
3158,512,88875,173.583984
3159,512,91167,178.060547
3160,512,89750,175.292969
3161,512,88500,172.851562
3162,512,87666,171.222656
3163,512,90750,177.246094
3164,512,92208,180.093750
3165,512,90917,177.572266
3166,512,90334,176.433594
3167,512,90500,176.757812
3168,512,88250,172.363281
3169,512,96667,188.802734
3170,512,90458,176.675781
3171,512,88000,171.875000
3172,512,87833,171.548828
3173,512,92917,181.478516
3174,512,90250,176.269531
3175,512,87916,171.710938
3176,512,85959,167.888672
3177,512,88791,173.419922
3178,512,95667,186.849609
3179,512,89541,174.884766
3180,512,95709,186.931641
3181,512,89041,173.908203
3182,512,88084,172.039062
3183,512,91958,179.605469
3184,512,88166,172.199219
3185,512,90208,176.187500
3186,512,90708,177.164062
3187,512,93250,182.128906
3188,512,89209,174.236328
3189,512,86084,168.132812
3190,512,88666,173.175781
3191,512,87542,170.980469
3192,512,86667,169.271484
3193,512,87084,170.085938
3194,512,88125,172.119141
3195,512,87708,171.304688
3196,512,90750,177.246094
3197,512,88167,172.201172
3198,512,89666,175.128906
3199,512,88542,172.933594
3200,512,87208,170.328125
3201,512,88375,172.607422
3202,512,88583,173.013672
3203,512,89458,174.722656
3204,512,87708,171.304688
3205,512,89917,175.619141
3206,512,87500,170.898438
3207,512,92542,180.746094
3208,512,85458,166.910156
3209,512,87250,170.410156
3210,512,86333,168.619141
3211,512,88500,172.851562
3212,512,90042,175.863281
3213,512,86125,168.212891
3214,512,91333,178.384766
3215,512,88375,172.607422
3216,512,88292,172.445312
3217,512,89375,174.560547
3218,512,86375,168.701172
3219,512,93250,182.128906
3220,512,89041,173.908203
3221,512,87167,170.248047
3222,512,87125,170.166016
3223,512,85542,167.074219
3224,512,86625,169.189453
3225,512,92875,181.396484
3226,512,87958,171.792969
3227,512,85458,166.910156
3228,512,88250,172.363281
3229,512,86083,168.130859
3230,512,86375,168.701172
3231,512,86791,169.513672
3232,512,86209,168.376953
3233,512,88750,173.339844
3234,512,85458,166.910156
3235,512,85917,167.806641
3236,512,87083,170.083984
3237,512,87250,170.410156
3238,512,87291,170.490234
3239,512,87042,170.003906
3240,512,87583,171.060547
3241,512,91250,178.222656
3242,512,87792,171.468750
3243,512,84083,164.224609
3244,512,85750,167.480469
3245,512,87208,170.328125
3246,512,87209,170.330078
3247,512,84875,165.771484
3248,512,86000,167.968750
3249,512,86250,168.457031
3250,512,87542,170.980469
3251,512,85958,167.886719
3252,512,85667,167.318359
3253,512,86792,169.515625
3254,512,86959,169.841797
3255,512,87541,170.978516
3256,512,88459,172.771484
3257,512,88416,172.687500
3258,512,84875,165.771484
3259,512,84333,164.712891
3260,512,87167,170.248047
3261,512,85542,167.074219
3262,512,88000,171.875000
3263,512,92958,181.558594
3264,512,85209,166.423828
3265,512,83959,163.982422
3266,512,84875,165.771484
3267,512,86000,167.968750
3268,512,85292,166.585938
3269,512,85625,167.236328
3270,512,86416,168.781250
3271,512,85334,166.667969
3272,512,85541,167.072266
3273,512,93334,182.292969
3274,512,88666,173.175781
3275,512,109084,213.054688
3276,512,88167,172.201172
3277,512,86875,169.677734
3278,512,85167,166.341797
3279,512,86041,168.048828
3280,512,86792,169.515625
3281,512,86458,168.863281
3282,512,84542,165.121094
3283,512,85083,166.177734
3284,512,89125,174.072266
3285,512,90333,176.431641
3286,512,87083,170.083984
3287,512,88000,171.875000
3288,512,86791,169.513672
3289,512,85000,166.015625
3290,512,87334,170.574219
3291,512,84541,165.119141
3292,512,86500,168.945312
3293,512,86625,169.189453
3294,512,86125,168.212891
3295,512,89541,174.884766
3296,512,91292,178.304688
3297,512,85958,167.886719
3298,512,85167,166.341797
3299,512,86583,169.107422
3300,512,87667,171.224609
3301,512,86875,169.677734
3302,512,85750,167.480469
3303,512,85250,166.503906
3304,512,88167,172.201172
3305,512,88250,172.363281
3306,512,87042,170.003906
3307,512,85042,166.097656
3308,512,85084,166.179688
3309,512,86541,169.025391
3310,512,86208,168.375000
3311,512,85208,166.421875
3312,512,87292,170.492188
3313,512,92375,180.419922
3314,512,90125,176.025391
3315,512,92041,179.767578
3316,512,89959,175.701172
3317,512,89291,174.396484
3318,512,98000,191.406250
3319,512,93959,183.513672
3320,512,104791,204.669922
3321,512,107042,209.066406
3322,512,87583,171.060547
3323,512,86292,168.539062
3324,512,88459,172.771484
3325,512,87000,169.921875
3326,512,87167,170.248047
3327,512,84583,165.201172
3328,512,86958,169.839844
3329,512,84917,165.853516
3330,512,88291,172.443359
3331,512,88792,173.421875
3332,512,89125,174.072266
3333,512,90250,176.269531
3334,512,90416,176.593750
3335,512,87292,170.492188
3336,512,87708,171.304688
3337,512,86708,169.351562
3338,512,85500,166.992188
3339,512,88667,173.177734
3340,512,85416,166.828125
3341,512,87084,170.085938
3342,512,87625,171.142578
3343,512,86792,169.515625
3344,512,85792,167.562500
3345,512,86458,168.863281
3346,512,89458,174.722656
3347,512,87208,170.328125
3348,512,86417,168.783203
3349,512,87875,171.630859
3350,512,85833,167.642578
3351,512,86458,168.863281
3352,512,93250,182.128906
3353,512,86167,168.294922
3354,512,88000,171.875000
3355,512,86166,168.292969
3356,512,86667,169.271484
3357,512,87708,171.304688
3358,512,87125,170.166016
3359,512,85792,167.562500
3360,512,85125,166.259766
3361,512,85625,167.236328
3362,512,85125,166.259766
3363,512,85750,167.480469
3364,512,85500,166.992188
3365,512,90167,176.107422
3366,512,86916,169.757812
3367,512,87042,170.003906
3368,512,92958,181.558594
3369,512,87125,170.166016
3370,512,86375,168.701172
3371,512,86458,168.863281
3372,512,87167,170.248047
3373,512,86625,169.189453
3374,512,87334,170.574219
3375,512,90500,176.757812
3376,512,85708,167.398438
3377,512,85458,166.910156
3378,512,86250,168.457031
3379,512,88042,171.957031
3380,512,86583,169.107422
3381,512,85917,167.806641
3382,512,85708,167.398438
3383,512,86667,169.271484
3384,512,88875,173.583984
3385,512,88042,171.957031
3386,512,86916,169.757812
3387,512,85458,166.910156
3388,512,84417,164.876953
3389,512,85208,166.421875
3390,512,88042,171.957031
3391,512,87291,170.490234
3392,512,84917,165.853516
3393,512,83750,163.574219
3394,512,84625,165.283203
3395,512,84875,165.771484
3396,512,85500,166.992188
3397,512,86250,168.457031
3398,512,95375,186.279297
3399,512,93875,183.349609
3400,512,89375,174.560547
3401,512,83084,162.273438
3402,512,87000,169.921875
3403,512,84625,165.283203
3404,512,85917,167.806641
3405,512,85291,166.583984
3406,512,86542,169.027344
3407,512,85000,166.015625
3408,512,85458,166.910156
3409,512,85625,167.236328
3410,512,85458,166.910156
3411,512,86375,168.701172
3412,512,84709,165.447266
3413,512,85416,166.828125
3414,512,87542,170.980469
3415,512,85583,167.154297
3416,512,89917,175.619141
3417,512,86583,169.107422
3418,512,85333,166.666016
3419,512,87625,171.142578
3420,512,86125,168.212891
3421,512,87292,170.492188
3422,512,85958,167.886719
3423,512,85917,167.806641
3424,512,86208,168.375000
3425,512,87083,170.083984
3426,512,84084,164.226562
3427,512,87250,170.410156
3428,512,85500,166.992188
3429,512,86375,168.701172
3430,512,86167,168.294922
3431,512,84583,165.201172
3432,512,83875,163.818359
3433,512,84833,165.689453
3434,512,86959,169.841797
3435,512,89667,175.130859
3436,512,84292,164.632812
3437,512,85042,166.097656
3438,512,87542,170.980469
3439,512,87792,171.468750
3440,512,86958,169.839844
3441,512,86625,169.189453
3442,512,86500,168.945312
3443,512,88084,172.039062
3444,512,87750,171.386719
3445,512,86458,168.863281
3446,512,89542,174.886719
3447,512,89250,174.316406
3448,512,90959,177.654297
3449,512,87625,171.142578
3450,512,89291,174.396484
3451,512,87542,170.980469
3452,512,88709,173.259766
3453,512,88000,171.875000
3454,512,89584,174.968750
3455,512,88625,173.095703
3456,512,88334,172.527344
3457,512,88750,173.339844
3458,512,110541,215.900391
3459,512,90792,177.328125
3460,512,89500,174.804688
3461,512,89209,174.236328
3462,512,93041,181.720703
3463,512,98584,192.546875
3464,512,90125,176.025391
3465,512,92084,179.851562
3466,512,93208,182.046875
3467,512,93041,181.720703
3468,512,97917,191.244141
3469,512,98291,191.974609
3470,512,96125,187.744141
3471,512,100000,195.312500
3472,512,104666,204.425781
3473,512,100167,195.638672
3474,512,101041,197.345703
3475,512,109834,214.519531
3476,512,107333,209.634766
3477,512,106375,207.763672
3478,512,108916,212.726562
3479,512,114333,223.306641
3480,512,99833,194.986328
3481,512,117333,229.166016
3482,512,100542,196.371094
3483,512,108042,211.019531
3484,512,114208,223.062500
3485,512,101958,199.136719
3486,512,96250,187.988281
3487,512,95333,186.197266
3488,512,112500,219.726562
3489,512,97792,191.000000
3490,512,95459,186.443359
3491,512,92834,181.316406
3492,512,96167,187.826172
3493,512,95125,185.791016
3494,512,92167,180.013672
3495,512,94250,184.082031
3496,512,95542,186.605469
3497,512,91250,178.222656
3498,512,96292,188.070312
3499,512,95250,186.035156
3500,512,94459,184.490234
3501,512,91625,178.955078
3502,512,93833,183.267578
3503,512,93833,183.267578
3504,512,93667,182.943359
3505,512,101667,198.568359
3506,512,107375,209.716797
3507,512,94292,184.164062
3508,512,91958,179.605469
3509,512,94875,185.302734
3510,512,96166,187.824219
3511,512,92584,180.828125
3512,512,92459,180.583984
3513,512,93416,182.453125
3514,512,93417,182.455078
3515,512,92084,179.851562
3516,512,101416,198.078125
3517,512,95417,186.361328
3518,512,91542,178.792969
3519,512,93125,181.884766
3520,512,91167,178.060547
3521,512,91291,178.302734
3522,512,92292,180.257812
3523,512,95208,185.953125
3524,512,91250,178.222656
3525,512,95250,186.035156
3526,512,94042,183.675781
3527,512,94916,185.382812
3528,512,93500,182.617188
3529,512,93042,181.722656
3530,512,93708,183.023438
3531,512,92708,181.070312
3532,512,94542,184.652344
3533,512,95208,185.953125
3534,512,93792,183.187500
3535,512,91916,179.523438
3536,512,93334,182.292969
3537,512,91958,179.605469
3538,512,94125,183.837891
3539,512,91125,177.978516
3540,512,91333,178.384766
3541,512,93167,181.966797
3542,512,90292,176.351562
3543,512,93667,182.943359
3544,512,93000,181.640625
3545,512,94583,184.732422
3546,512,92042,179.769531
3547,512,91541,178.791016
3548,512,94208,184.000000
3549,512,94750,185.058594
3550,512,97083,189.615234
3551,512,93333,182.291016
3552,512,96167,187.826172
3553,512,94416,184.406250
3554,512,95542,186.605469
3555,512,97000,189.453125
3556,512,91666,179.035156
3557,512,90709,177.166016
3558,512,94916,185.382812
3559,512,93959,183.513672
3560,512,91583,178.873047
3561,512,92167,180.013672
3562,512,93541,182.697266
3563,512,92000,179.687500
3564,512,92125,179.931641
3565,512,93375,182.373047
3566,512,89750,175.292969
3567,512,92333,180.337891
3568,512,94000,183.593750
3569,512,91500,178.710938
3570,512,92000,179.687500
3571,512,90042,175.863281
3572,512,91833,179.361328
3573,512,95084,185.710938
3574,512,91333,178.384766
3575,512,92500,180.664062
3576,512,93208,182.046875
3577,512,90792,177.328125
3578,512,89166,174.152344
3579,512,91833,179.361328
3580,512,87750,171.386719
3581,512,89875,175.537109
3582,512,91292,178.304688
3583,512,90167,176.107422
3584,512,88917,173.666016
3585,512,90000,175.781250
3586,512,89500,174.804688
3587,512,93125,181.884766
3588,512,90292,176.351562
3589,512,91291,178.302734
3590,512,94959,185.466797
3591,512,109542,213.949219
3592,512,108667,212.240234
3593,512,97417,190.267578
3594,512,105666,206.378906
3595,512,101292,197.835938
3596,512,93125,181.884766
3597,512,95333,186.197266
3598,512,94291,184.162109
3599,512,94875,185.302734
3600,512,93917,183.431641
3601,512,95083,185.708984
3602,512,94042,183.675781
3603,512,97250,189.941406
3604,512,125750,245.605469
3605,512,122042,238.363281
3606,512,117125,228.759766
3607,512,118750,231.933594
3608,512,120708,235.757812
3609,512,108583,212.076172
3610,512,102000,199.218750
3611,512,98500,192.382812
3612,512,97083,189.615234
3613,512,105292,205.648438
3614,512,96916,189.289062
3615,512,97417,190.267578
3616,512,98833,193.033203
3617,512,110000,214.843750
3618,512,126625,247.314453
3619,512,132875,259.521484
3620,512,120459,235.271484
3621,512,131000,255.859375
3622,512,127125,248.291016
3623,512,120667,235.677734
3624,512,125458,245.035156
3625,512,137875,269.287109
3626,512,147042,287.191406
3627,512,128125,250.244141
3628,512,125667,245.443359
3629,512,144417,282.064453
3630,512,223708,436.929688
3631,512,193125,377.197266
3632,512,141292,275.960938
3633,512,128750,251.464844
3634,512,115667,225.912109
3635,512,116458,227.457031
3636,512,112458,219.644531
3637,512,109583,214.029297
3638,512,113292,221.273438
3639,512,111458,217.691406
3640,512,114917,224.447266
3641,512,109500,213.867188
3642,512,122458,239.175781
3643,512,111292,217.367188
3644,512,109000,212.890625
3645,512,107500,209.960938
3646,512,107917,210.775391
3647,512,107667,210.287109
3648,512,108625,212.158203
3649,512,108916,212.726562
3650,512,105459,205.974609
3651,512,105584,206.218750
3652,512,107708,210.367188
3653,512,106875,208.740234
3654,512,108916,212.726562
3655,512,104292,203.695312
3656,512,103041,201.251953
3657,512,109625,214.111328
3658,512,104792,204.671875
3659,512,126417,246.908203
3660,512,121500,237.304688
3661,512,134375,262.451172
3662,512,126250,246.582031
3663,512,132709,259.197266
3664,512,138458,270.425781
3665,512,138666,270.832031
3666,512,136792,267.171875
3667,512,124500,243.164062
3668,512,126375,246.826172
3669,512,133875,261.474609
3670,512,127208,248.453125
3671,512,125250,244.628906
3672,512,127250,248.535156
3673,512,136458,266.519531
3674,512,131833,257.486328
3675,512,123083,240.396484
3676,512,118209,230.876953
3677,512,121250,236.816406
3678,512,119625,233.642578
3679,512,117084,228.679688
3680,512,119584,233.562500
3681,512,116833,228.189453
3682,512,112292,219.320312
3683,512,113750,222.167969
3684,512,118792,232.015625
3685,512,116708,227.945312
3686,512,114583,223.794922
3687,512,110208,215.250000
3688,512,114625,223.876953
3689,512,110959,216.716797
3690,512,113709,222.087891
3691,512,120917,236.166016
3692,512,110833,216.470703
3693,512,111125,217.041016
3694,512,113000,220.703125
3695,512,112125,218.994141
3696,512,113208,221.109375
3697,512,113375,221.435547
3698,512,113291,221.271484
3699,512,112334,219.402344
3700,512,108125,211.181641
3701,512,112042,218.832031
3702,512,110583,215.982422
3703,512,109250,213.378906
3704,512,108125,211.181641
3705,512,107625,210.205078
3706,512,112666,220.050781
3707,512,108875,212.646484
3708,512,108750,212.402344
3709,512,107667,210.287109
3710,512,271166,529.621094
3711,512,223709,436.931641
3712,512,194750,380.371094
3713,512,191917,374.837891
3714,512,184042,359.457031
3715,512,165708,323.648438
3716,512,182541,356.525391
3717,512,177750,347.167969
3718,512,173417,338.705078
3719,512,176708,345.132812
3720,512,153542,299.886719
3721,512,163208,318.765625
3722,512,167667,327.474609
3723,512,174000,339.843750
3724,512,166334,324.871094
3725,512,163791,319.904297
3726,512,171000,333.984375
3727,512,183709,358.806641
3728,512,184958,361.246094
3729,512,172208,336.343750
3730,512,230625,450.439453
3731,512,170541,333.087891
3732,512,199667,389.974609
3733,512,225625,440.673828
3734,512,188458,368.082031
3735,512,189000,369.140625
3736,512,191833,374.673828
3737,512,171709,335.369141
3738,512,184416,360.187500
3739,512,168042,328.207031
3740,512,177667,347.005859
3741,512,171958,335.855469
3742,512,172125,336.181641
3743,512,173291,338.458984
3744,512,174500,340.820312
3745,512,168958,329.996094
3746,512,172834,337.566406
3747,512,169209,330.486328
3748,512,184083,359.537109
3749,512,163666,319.660156
3750,512,180500,352.539062
3751,512,169708,331.460938
3752,512,171042,334.066406
3753,512,175958,343.667969
3754,512,179708,350.992188
3755,512,180709,352.947266
3756,512,169500,331.054688
3757,512,173917,339.681641
3758,512,171167,334.310547
3759,512,165791,323.810547
3760,512,176417,344.564453
3761,512,182375,356.201172
3762,512,189000,369.140625
3763,512,187834,366.863281
3764,512,171416,334.796875
3765,512,192875,376.708984
3766,512,167583,327.310547
3767,512,165042,322.347656
3768,512,163375,319.091797
3769,512,155125,302.978516
3770,512,155750,304.199219
3771,512,158125,308.837891
3772,512,158417,309.408203
3773,512,147542,288.167969
3774,512,152166,297.199219
3775,512,155000,302.734375
3776,512,156708,306.070312
3777,512,147458,288.003906
3778,512,154750,302.246094
3779,512,149083,291.177734
3780,512,155792,304.281250
3781,512,167708,327.554688
3782,512,162250,316.894531
3783,512,159250,311.035156
3784,512,143375,280.029297
3785,512,149834,292.644531
3786,512,147958,288.980469
3787,512,137542,268.636719
3788,512,135667,264.974609
3789,512,149333,291.666016
3790,512,151250,295.410156
3791,512,146250,285.644531
3792,512,147750,288.574219
3793,512,147583,288.248047
3794,512,141583,276.529297
3795,512,147708,288.492188
3796,512,131125,256.103516
3797,512,137667,268.880859
3798,512,135708,265.054688
3799,512,138375,270.263672
3800,512,142167,277.669922
3801,512,139625,272.705078
3802,512,135625,264.892578
3803,512,148625,290.283203
3804,512,136917,267.416016
3805,512,144125,281.494141
3806,512,117625,229.736328
3807,512,125125,244.384766
3808,512,132709,259.197266
3809,512,131458,256.753906
3810,512,134875,263.427734
3811,512,127125,248.291016
3812,512,125833,245.767578
3813,512,130708,255.289062
3814,512,124917,243.978516
3815,512,128250,250.488281
3816,512,133291,260.333984
3817,512,129083,252.115234
3818,512,116417,227.376953
3819,512,128666,251.300781
3820,512,128084,250.164062
3821,512,126541,247.150391
3822,512,129959,253.826172
3823,512,129834,253.582031
3824,512,125375,244.873047
3825,512,134209,262.126953
3826,512,136209,266.033203
3827,512,121375,237.060547
3828,512,122625,239.501953
3829,512,121041,236.408203
3830,512,131167,256.185547
3831,512,135792,265.218750
3832,512,125958,246.011719
3833,512,120708,235.757812
3834,512,117666,229.816406
3835,512,124250,242.675781
3836,512,123292,240.804688
3837,512,133792,261.312500
3838,512,123625,241.455078
3839,512,125250,244.628906
3840,512,114708,224.039062
3841,512,119667,233.724609
3842,512,139541,272.541016
3843,512,149792,292.562500
3844,512,143917,281.087891
3845,512,136209,266.033203
3846,512,143250,279.785156
3847,512,127667,249.349609
3848,512,116750,228.027344
3849,512,121667,237.630859
3850,512,125292,244.710938
3851,512,121916,238.117188
3852,512,130500,254.882812
3853,512,121083,236.490234
3854,512,113500,221.679688
3855,512,118125,230.712891
3856,512,121917,238.119141
3857,512,113375,221.435547
3858,512,114834,224.285156
3859,512,114000,222.656250
3860,512,108291,211.505859
3861,512,119792,233.968750
3862,512,120958,236.246094
3863,512,121250,236.816406
3864,512,127166,248.371094
3865,512,125875,245.849609
3866,512,121875,238.037109
3867,512,115667,225.912109
3868,512,121291,236.896484
3869,512,130125,254.150391
3870,512,133209,260.173828
3871,512,120334,235.027344
3872,512,119416,233.234375
3873,512,116709,227.947266
3874,512,114458,223.550781
3875,512,115083,224.771484
3876,512,115250,225.097656
3877,512,115375,225.341797
3878,512,117458,229.410156
3879,512,122375,239.013672
3880,512,117958,230.386719
3881,512,114167,222.982422
3882,512,112458,219.644531
3883,512,111458,217.691406
3884,512,108000,210.937500
3885,512,106500,208.007812
3886,512,108417,211.751953
3887,512,108959,212.810547
3888,512,115292,225.179688
3889,512,108291,211.505859
3890,512,100750,196.777344
3891,512,120000,234.375000
3892,512,106125,207.275391
3893,512,105875,206.787109
3894,512,111708,218.179688
3895,512,105167,205.404297
3896,512,111208,217.203125
3897,512,107083,209.146484
3898,512,101708,198.648438
3899,512,105292,205.648438
3900,512,104208,203.531250
3901,512,106958,208.902344
3902,512,107875,210.693359
3903,512,116042,226.644531
3904,512,109958,214.761719
3905,512,107958,210.855469
3906,512,111917,218.587891
3907,512,114125,222.900391
3908,512,118167,230.794922
3909,512,114250,223.144531
3910,512,105292,205.648438
3911,512,102875,200.927734
3912,512,110208,215.250000
3913,512,104792,204.671875
3914,512,140459,274.333984
3915,512,115750,226.074219
3916,512,134166,262.042969
3917,512,104375,203.857422
3918,512,105042,205.160156
3919,512,106083,207.193359
3920,512,99583,194.498047
3921,512,103458,202.066406
3922,512,111709,218.181641
3923,512,109959,214.763672
3924,512,102542,200.277344
3925,512,111458,217.691406
3926,512,106917,208.822266
3927,512,109375,213.623047
3928,512,112542,219.808594
3929,512,103750,202.636719
3930,512,113291,221.271484
3931,512,111209,217.205078
3932,512,102750,200.683594
3933,512,110167,215.169922
3934,512,105917,206.869141
3935,512,100375,196.044922
3936,512,104416,203.937500
3937,512,106375,207.763672
3938,512,107041,209.064453
3939,512,110042,214.925781
3940,512,103833,202.798828
3941,512,102125,199.462891
3942,512,105542,206.136719
3943,512,105875,206.787109
3944,512,99542,194.417969
3945,512,109208,213.296875
3946,512,102250,199.707031
3947,512,98500,192.382812
3948,512,100917,197.103516
3949,512,101833,198.892578
3950,512,109958,214.761719
3951,512,107625,210.205078
3952,512,105708,206.460938
3953,512,105750,206.542969
3954,512,93792,183.187500
3955,512,103666,202.472656
3956,512,102875,200.927734
3957,512,104125,203.369141
3958,512,93917,183.431641
3959,512,95375,186.279297
3960,512,94833,185.220703
3961,512,101291,197.833984
3962,512,98875,193.115234
3963,512,93333,182.291016
3964,512,98000,191.406250
3965,512,99792,194.906250
3966,512,95125,185.791016
3967,512,97083,189.615234
3968,512,99750,194.824219
3969,512,99208,193.765625
3970,512,98000,191.406250
3971,512,94083,183.755859
3972,512,103917,202.962891
3973,512,96333,188.150391
3974,512,99625,194.580078
3975,512,100750,196.777344
3976,512,101541,198.322266
3977,512,100792,196.859375
3978,512,98417,192.220703
3979,512,100500,196.289062
3980,512,98333,192.056641
3981,512,95458,186.441406
3982,512,95083,185.708984
3983,512,103125,201.416016
3984,512,101334,197.917969
3985,512,97791,190.998047
3986,512,97458,190.347656
3987,512,103042,201.253906
3988,512,104792,204.671875
3989,512,95959,187.419922
3990,512,97000,189.453125
3991,512,107584,210.125000
3992,512,96334,188.152344
3993,512,96916,189.289062
3994,512,105167,205.404297
3995,512,104041,203.205078
3996,512,98500,192.382812
3997,512,97833,191.080078
3998,512,99375,194.091797
3999,512,94709,184.978516
4000,512,94916,185.382812
4001,512,95000,185.546875
4002,512,100583,196.451172
4003,512,101750,198.730469
4004,512,100917,197.103516
4005,512,101500,198.242188
4006,512,93791,183.185547
4007,512,101000,197.265625
4008,512,91750,179.199219
4009,512,107000,208.984375
4010,512,96958,189.371094
4011,512,102333,199.869141
4012,512,99084,193.523438
4013,512,98209,191.814453
4014,512,102375,199.951172
4015,512,109125,213.134766
4016,512,106792,208.578125
4017,512,95166,185.871094
4018,512,107292,209.554688
4019,512,111333,217.447266
4020,512,94792,185.140625
4021,512,99750,194.824219
4022,512,100583,196.451172
4023,512,102167,199.544922
4024,512,105625,206.298828
4025,512,102208,199.625000
4026,512,108084,211.101562
4027,512,106334,207.683594
4028,512,107166,209.308594
4029,512,105917,206.869141
4030,512,99500,194.335938
4031,512,99084,193.523438
4032,512,122000,238.281250
4033,512,102167,199.544922
4034,512,112792,220.296875
4035,512,115750,226.074219
4036,512,115959,226.482422
4037,512,131209,256.267578
4038,512,117708,229.898438
4039,512,102875,200.927734
4040,512,107500,209.960938
4041,512,111791,218.341797
4042,512,173959,339.763672
4043,512,141625,276.611328
4044,512,142958,279.214844
4045,512,117458,229.410156
4046,512,123291,240.802734
4047,512,132625,259.033203
4048,512,138917,271.322266
4049,512,129083,252.115234
4050,512,124208,242.593750
4051,512,113250,221.191406
4052,512,112167,219.076172
4053,512,124375,242.919922
4054,512,112667,220.052734
4055,512,110208,215.250000
4056,512,114083,222.818359
4057,512,110083,215.005859
4058,512,111459,217.693359
4059,512,112291,219.318359
4060,512,106750,208.496094
4061,512,105708,206.460938
4062,512,119500,233.398438
4063,512,113625,221.923828
4064,512,117250,229.003906
4065,512,116292,227.132812
4066,512,111416,217.609375
4067,512,110417,215.658203
4068,512,107875,210.693359
4069,512,105083,205.240234
4070,512,109709,214.275391
4071,512,108083,211.099609
4072,512,105250,205.566406
4073,512,109500,213.867188
4074,512,111917,218.587891
4075,512,109291,213.458984
4076,512,114875,224.365234
4077,512,107458,209.878906
4078,512,105584,206.218750
4079,512,111125,217.041016
4080,512,103916,202.960938
4081,512,106875,208.740234
4082,512,104208,203.531250
4083,512,101959,199.138672
4084,512,103584,202.312500
4085,512,109583,214.029297
4086,512,111833,218.423828
4087,512,109042,212.972656
4088,512,104958,204.996094
4089,512,110833,216.470703
4090,512,112542,219.808594
4091,512,104250,203.613281
4092,512,103791,202.716797
4093,512,101167,197.591797
4094,512,104708,204.507812
4095,512,102667,200.521484
4096,512,101125,197.509766
4097,512,101291,197.833984
4098,512,100125,195.556641
4099,512,103458,202.066406
4100,512,105750,206.542969
4101,512,111625,218.017578
4102,512,101959,199.138672
4103,512,100041,195.392578
4104,512,104959,204.998047
4105,512,105500,206.054688
4106,512,107709,210.369141
4107,512,102375,199.951172
4108,512,103291,201.740234
4109,512,106667,208.333984
4110,512,119833,234.048828
4111,512,100125,195.556641
4112,512,101167,197.591797
4113,512,97333,190.103516
4114,512,107208,209.390625
4115,512,100584,196.453125
4116,512,99416,194.171875
4117,512,102208,199.625000
4118,512,97458,190.347656
4119,512,102125,199.462891
4120,512,102042,199.300781
4121,512,99750,194.824219
4122,512,100750,196.777344
4123,512,106750,208.496094
4124,512,99500,194.335938
4125,512,99500,194.335938
4126,512,97084,189.617188
4127,512,101167,197.591797
4128,512,103667,202.474609
4129,512,101791,198.810547
4130,512,105917,206.869141
4131,512,99208,193.765625
4132,512,99292,193.929688
4133,512,97500,190.429688
4134,512,104709,204.509766
4135,512,99083,193.521484
4136,512,99875,195.068359
4137,512,97875,191.162109
4138,512,101500,198.242188
4139,512,115458,225.503906
4140,512,99792,194.906250
4141,512,103583,202.310547
4142,512,98375,192.138672
4143,512,102625,200.439453
4144,512,101333,197.916016
4145,512,94209,184.001953
4146,512,95542,186.605469
4147,512,97417,190.267578
4148,512,94958,185.464844
4149,512,97333,190.103516
4150,512,97417,190.267578
4151,512,96875,189.208984
4152,512,95417,186.361328
4153,512,98625,192.626953
4154,512,98541,192.462891
4155,512,94709,184.978516
4156,512,95750,187.011719
4157,512,94708,184.976562
4158,512,99417,194.173828
4159,512,104041,203.205078
4160,512,99750,194.824219
4161,512,94625,184.814453
4162,512,99333,194.009766
4163,512,101250,197.753906
4164,512,94625,184.814453
4165,512,98125,191.650391
4166,512,93875,183.349609
4167,512,95250,186.035156
4168,512,102709,200.603516
4169,512,95583,186.685547
4170,512,95083,185.708984
4171,512,95417,186.361328
4172,512,98834,193.035156
4173,512,93875,183.349609
4174,512,105875,206.787109
4175,512,91542,178.792969
4176,512,97042,189.535156
4177,512,94833,185.220703
4178,512,94959,185.466797
4179,512,97000,189.453125
4180,512,97041,189.533203
4181,512,92709,181.072266
4182,512,94291,184.162109
4183,512,95834,187.175781
4184,512,93250,182.128906
4185,512,94833,185.220703
4186,512,91875,179.443359
4187,512,92833,181.314453
4188,512,98125,191.650391
4189,512,99417,194.173828
4190,512,98709,192.791016
4191,512,94959,185.466797
4192,512,95042,185.628906
4193,512,91292,178.304688
4194,512,92541,180.744141
4195,512,97292,190.023438
4196,512,94417,184.408203
4197,512,99709,194.744141
4198,512,98416,192.218750
4199,512,95250,186.035156
4200,512,89292,174.398438
4201,512,104959,204.998047
4202,512,96041,187.580078
4203,512,103625,202.392578
4204,512,100833,196.939453
4205,512,97208,189.859375
4206,512,93834,183.269531
4207,512,95041,185.626953
4208,512,93875,183.349609
4209,512,96000,187.500000
4210,512,98458,192.300781
4211,512,93792,183.187500
4212,512,94583,184.732422
4213,512,99333,194.009766
4214,512,97000,189.453125
4215,512,94167,183.919922
4216,512,96000,187.500000
4217,512,97542,190.511719
4218,512,93792,183.187500
4219,512,93791,183.185547
4220,512,93542,182.699219
4221,512,93625,182.861328
4222,512,95833,187.173828
4223,512,97708,190.835938
4224,512,93292,182.210938
4225,512,92500,180.664062
4226,512,92125,179.931641
4227,512,94459,184.490234
4228,512,94666,184.894531
4229,512,93083,181.802734
4230,512,96375,188.232422
4231,512,100542,196.371094
4232,512,92291,180.255859
4233,512,96292,188.070312
4234,512,99250,193.847656
4235,512,98875,193.115234
4236,512,94250,184.082031
4237,512,99917,195.150391
4238,512,104959,204.998047
4239,512,94791,185.138672
4240,512,103542,202.230469
4241,512,99041,193.439453
4242,512,99875,195.068359
4243,512,98792,192.953125
4244,512,110708,216.226562
4245,512,94500,184.570312
4246,512,99666,194.660156
4247,512,94417,184.408203
4248,512,93583,182.779297
4249,512,91125,177.978516
4250,512,96958,189.371094
4251,512,97667,190.755859
4252,512,94250,184.082031
4253,512,97917,191.244141
4254,512,96708,188.882812
4255,512,95750,187.011719
4256,512,95000,185.546875
4257,512,95458,186.441406
4258,512,97000,189.453125
4259,512,90083,175.943359
4260,512,94917,185.384766
4261,512,90625,177.001953
4262,512,89125,174.072266
4263,512,91958,179.605469
4264,512,92667,180.990234
4265,512,91208,178.140625
4266,512,93625,182.861328
4267,512,92958,181.558594
4268,512,93500,182.617188
4269,512,92834,181.316406
4270,512,95208,185.953125
4271,512,90583,176.919922
4272,512,91792,179.281250
4273,512,93125,181.884766
4274,512,95708,186.929688
4275,512,92291,180.255859
4276,512,92709,181.072266
4277,512,91459,178.630859
4278,512,89375,174.560547
4279,512,95792,187.093750
4280,512,97000,189.453125
4281,512,99834,194.988281
4282,512,95041,185.626953
4283,512,91542,178.792969
4284,512,91334,178.386719
4285,512,92208,180.093750
4286,512,92542,180.746094
4287,512,91208,178.140625
4288,512,91042,177.816406
4289,512,97833,191.080078
4290,512,89625,175.048828
4291,512,94875,185.302734
4292,512,90292,176.351562
4293,512,90292,176.351562
4294,512,85917,167.806641
4295,512,91000,177.734375
4296,512,92750,181.152344
4297,512,92166,180.011719
4298,512,91292,178.304688
4299,512,90583,176.919922
4300,512,90917,177.572266
4301,512,90209,176.189453
4302,512,89208,174.234375
4303,512,94416,184.406250
4304,512,91250,178.222656
4305,512,94875,185.302734
4306,512,95917,187.337891
4307,512,90458,176.675781
4308,512,86792,169.515625
4309,512,90416,176.593750
4310,512,92000,179.687500
4311,512,99542,194.417969
4312,512,93417,182.455078
4313,512,90959,177.654297
4314,512,90250,176.269531
4315,512,89500,174.804688
4316,512,89084,173.992188
4317,512,92625,180.908203
4318,512,91375,178.466797
4319,512,94459,184.490234
4320,512,97583,190.591797
4321,512,89791,175.373047
4322,512,94833,185.220703
4323,512,91708,179.117188
4324,512,90542,176.839844
4325,512,88583,173.013672
4326,512,93292,182.210938
4327,512,93000,181.640625
4328,512,89750,175.292969
4329,512,89459,174.724609
4330,512,90042,175.863281
4331,512,90208,176.187500
4332,512,91417,178.548828
4333,512,94000,183.593750
4334,512,90750,177.246094
4335,512,95542,186.605469
4336,512,91958,179.605469
4337,512,90292,176.351562
4338,512,92708,181.070312
4339,512,90292,176.351562
4340,512,91417,178.548828
4341,512,90958,177.652344
4342,512,92042,179.769531
4343,512,90792,177.328125
4344,512,96708,188.882812
4345,512,93083,181.802734
4346,512,92042,179.769531
4347,512,89417,174.642578
4348,512,94209,184.001953
4349,512,94875,185.302734
4350,512,88708,173.257812
4351,512,90750,177.246094
4352,512,103167,201.498047
4353,512,95708,186.929688
4354,512,91500,178.710938
4355,512,94709,184.978516
4356,512,92250,180.175781
4357,512,95958,187.417969
4358,512,93292,182.210938
4359,512,103834,202.800781
4360,512,98916,193.195312
4361,512,97167,189.779297
4362,512,96625,188.720703
4363,512,97458,190.347656
4364,512,95750,187.011719
4365,512,95500,186.523438
4366,512,94875,185.302734
4367,512,93834,183.269531
4368,512,95416,186.359375
4369,512,96750,188.964844
4370,512,96792,189.046875
4371,512,93209,182.048828
4372,512,94708,184.976562
4373,512,97416,190.265625
4374,512,94459,184.490234
4375,512,96291,188.068359
4376,512,94417,184.408203
4377,512,98500,192.382812
4378,512,95208,185.953125
4379,512,99458,194.253906
4380,512,98500,192.382812
4381,512,102916,201.007812
4382,512,98083,191.568359
4383,512,99125,193.603516
4384,512,96917,189.291016
4385,512,99417,194.173828
4386,512,101083,197.427734
4387,512,99667,194.662109
4388,512,97166,189.777344
4389,512,97875,191.162109
4390,512,99958,195.230469
4391,512,95792,187.093750
4392,512,99000,193.359375
4393,512,98917,193.197266
4394,512,94917,185.384766
4395,512,93542,182.699219
4396,512,101125,197.509766
4397,512,99541,194.416016
4398,512,110750,216.308594
4399,512,95125,185.791016
4400,512,100625,196.533203
4401,512,101958,199.136719
4402,512,100167,195.638672
4403,512,96541,188.556641
4404,512,109625,214.111328
4405,512,107083,209.146484
4406,512,97000,189.453125
4407,512,96417,188.314453
4408,512,93333,182.291016
4409,512,94834,185.222656
4410,512,94375,184.326172
4411,512,97500,190.429688
4412,512,94583,184.732422
4413,512,95084,185.710938
4414,512,92709,181.072266
4415,512,95750,187.011719
4416,512,95667,186.849609
4417,512,100084,195.476562
4418,512,94292,184.164062
4419,512,98458,192.300781
4420,512,113667,222.005859
4421,512,99542,194.417969
4422,512,93500,182.617188
4423,512,99041,193.439453
4424,512,93834,183.269531
4425,512,99459,194.255859
4426,512,93083,181.802734
4427,512,94416,184.406250
4428,512,100250,195.800781
4429,512,92292,180.257812
4430,512,92625,180.908203
4431,512,92583,180.826172
4432,512,92625,180.908203
4433,512,92083,179.849609
4434,512,93959,183.513672
4435,512,94291,184.162109
4436,512,94834,185.222656
4437,512,98917,193.197266
4438,512,91625,178.955078
4439,512,91625,178.955078
4440,512,92792,181.234375
4441,512,92917,181.478516
4442,512,99458,194.253906
4443,512,113875,222.412109
4444,512,113708,222.085938
4445,512,96250,187.988281
4446,512,93458,182.535156
4447,512,100458,196.207031
4448,512,94000,183.593750
4449,512,91875,179.443359
4450,512,97584,190.593750
4451,512,93375,182.373047
4452,512,89708,175.210938
4453,512,94208,184.000000
4454,512,94667,184.896484
4455,512,93500,182.617188
4456,512,95709,186.931641
4457,512,92625,180.908203
4458,512,94959,185.466797
4459,512,90000,175.781250
4460,512,92917,181.478516
4461,512,100083,195.474609
4462,512,92292,180.257812
4463,512,91625,178.955078
4464,512,92792,181.234375
4465,512,91625,178.955078
4466,512,90500,176.757812
4467,512,90875,177.490234
4468,512,95209,185.955078
4469,512,89541,174.884766
4470,512,91584,178.875000
4471,512,99834,194.988281
4472,512,89125,174.072266
4473,512,89333,174.478516
4474,512,94083,183.755859
4475,512,91167,178.060547
4476,512,90750,177.246094
4477,512,90417,176.595703
4478,512,89625,175.048828
4479,512,90083,175.943359
4480,512,94084,183.757812
4481,512,91625,178.955078
4482,512,93541,182.697266
4483,512,91667,179.037109
4484,512,97667,190.755859
4485,512,103083,201.333984
4486,512,89333,174.478516
4487,512,92917,181.478516
4488,512,90708,177.164062
4489,512,90500,176.757812
4490,512,89375,174.560547
4491,512,91333,178.384766
4492,512,94875,185.302734
4493,512,88500,172.851562
4494,512,91917,179.525391
4495,512,90750,177.246094
4496,512,89708,175.210938
4497,512,88791,173.419922
4498,512,94375,184.326172
4499,512,89625,175.048828
4500,512,88542,172.933594
4501,512,93208,182.046875
4502,512,90042,175.863281
4503,512,87375,170.654297
4504,512,88125,172.119141
4505,512,92209,180.095703
4506,512,92291,180.255859
4507,512,88709,173.259766
4508,512,91709,179.119141
4509,512,90875,177.490234
4510,512,92250,180.175781
4511,512,90166,176.105469
4512,512,90792,177.328125
4513,512,87666,171.222656
4514,512,90625,177.001953
4515,512,90292,176.351562
4516,512,89333,174.478516
4517,512,88542,172.933594
4518,512,93167,181.966797
4519,512,87916,171.710938
4520,512,90917,177.572266
4521,512,92083,179.849609
4522,512,90167,176.107422
4523,512,87834,171.550781
4524,512,92666,180.988281
4525,512,89917,175.619141
4526,512,86625,169.189453
4527,512,89625,175.048828
4528,512,92083,179.849609
4529,512,89333,174.478516
4530,512,100458,196.207031
4531,512,93958,183.511719
4532,512,88084,172.039062
4533,512,89791,175.373047
4534,512,88542,172.933594
4535,512,86708,169.351562
4536,512,88792,173.421875
4537,512,88625,173.095703
4538,512,97750,190.917969
4539,512,98542,192.464844
4540,512,108375,211.669922
4541,512,92333,180.337891
4542,512,88709,173.259766
4543,512,89750,175.292969
4544,512,89458,174.722656
4545,512,90167,176.107422
4546,512,92416,180.500000
4547,512,87958,171.792969
4548,512,91667,179.037109
4549,512,90958,177.652344
4550,512,88417,172.689453
4551,512,91791,179.279297
4552,512,89667,175.130859
4553,512,89833,175.455078
4554,512,87792,171.468750
4555,512,92875,181.396484
4556,512,87875,171.630859
4557,512,88167,172.201172
4558,512,86916,169.757812
4559,512,93250,182.128906
4560,512,87708,171.304688
4561,512,91417,178.548828
4562,512,92375,180.419922
4563,512,92375,180.419922
4564,512,86958,169.839844
4565,512,89375,174.560547
4566,512,91333,178.384766
4567,512,86334,168.621094
4568,512,92000,179.687500
4569,512,92459,180.583984
4570,512,90458,176.675781
4571,512,93750,183.105469
4572,512,91708,179.117188
4573,512,90625,177.001953
4574,512,91958,179.605469
4575,512,88375,172.607422
4576,512,89875,175.537109
4577,512,89875,175.537109
4578,512,87666,171.222656
4579,512,87042,170.003906
4580,512,88375,172.607422
4581,512,90334,176.433594
4582,512,90416,176.593750
4583,512,87917,171.712891
4584,512,94875,185.302734
4585,512,90916,177.570312
4586,512,98500,192.382812
4587,512,97000,189.453125
4588,512,93000,181.640625
4589,512,90416,176.593750
4590,512,88708,173.257812
4591,512,87459,170.818359
4592,512,90625,177.001953
4593,512,90416,176.593750
4594,512,89375,174.560547
4595,512,87667,171.224609
4596,512,90042,175.863281
4597,512,94791,185.138672
4598,512,93500,182.617188
4599,512,107250,209.472656
4600,512,92042,179.769531
4601,512,92083,179.849609
4602,512,91208,178.140625
4603,512,90542,176.839844
4604,512,89125,174.072266
4605,512,90625,177.001953
4606,512,91166,178.058594
4607,512,90334,176.433594
4608,512,88584,173.015625
4609,512,85958,167.886719
4610,512,90500,176.757812
4611,512,88791,173.419922
4612,512,90833,177.408203
4613,512,91209,178.142578
4614,512,89875,175.537109
4615,512,87125,170.166016
4616,512,90292,176.351562
4617,512,91500,178.710938
4618,512,88500,172.851562
4619,512,91208,178.140625
4620,512,88125,172.119141
4621,512,89958,175.699219
4622,512,90417,176.595703
4623,512,90083,175.943359
4624,512,90750,177.246094
4625,512,88167,172.201172
4626,512,89750,175.292969
4627,512,90750,177.246094
4628,512,89291,174.396484
4629,512,90625,177.001953
4630,512,97333,190.103516
4631,512,91667,179.037109
4632,512,89625,175.048828
4633,512,90583,176.919922
4634,512,92458,180.582031
4635,512,92417,180.501953
4636,512,88750,173.339844
4637,512,91583,178.873047
4638,512,87834,171.550781
4639,512,87750,171.386719
4640,512,91458,178.628906
4641,512,93166,181.964844
4642,512,92000,179.687500
4643,512,90208,176.187500
4644,512,92958,181.558594
4645,512,87875,171.630859
4646,512,90125,176.025391
4647,512,91708,179.117188
4648,512,91750,179.199219
4649,512,87917,171.712891
4650,512,88833,173.501953
4651,512,90708,177.164062
4652,512,88459,172.771484
4653,512,87958,171.792969
4654,512,87791,171.466797
4655,512,89292,174.398438
4656,512,89750,175.292969
4657,512,88458,172.769531
4658,512,89084,173.992188
4659,512,89750,175.292969
4660,512,89000,173.828125
4661,512,93667,182.943359
4662,512,87458,170.816406
4663,512,90000,175.781250
4664,512,89917,175.619141
4665,512,90208,176.187500
4666,512,90708,177.164062
4667,512,89708,175.210938
4668,512,89417,174.642578
4669,512,89625,175.048828
4670,512,90416,176.593750
4671,512,89125,174.072266
4672,512,87709,171.306641
4673,512,90333,176.431641
4674,512,90375,176.513672
4675,512,87708,171.304688
4676,512,98917,193.197266
4677,512,88833,173.501953
4678,512,89375,174.560547
4679,512,89500,174.804688
4680,512,90041,175.861328
4681,512,91000,177.734375
4682,512,87042,170.003906
4683,512,89250,174.316406
4684,512,89750,175.292969
4685,512,89041,173.908203
4686,512,88833,173.501953
4687,512,88625,173.095703
4688,512,91167,178.060547
4689,512,92041,179.767578
4690,512,90792,177.328125
4691,512,89250,174.316406
4692,512,87250,170.410156
4693,512,87000,169.921875
4694,512,89292,174.398438
4695,512,90625,177.001953
4696,512,88875,173.583984
4697,512,88542,172.933594
4698,512,90750,177.246094
4699,512,87334,170.574219
4700,512,88666,173.175781
4701,512,89167,174.154297
4702,512,89250,174.316406
4703,512,88875,173.583984
4704,512,92750,181.152344
4705,512,89708,175.210938
4706,512,91292,178.304688
4707,512,89458,174.722656
4708,512,89250,174.316406
4709,512,91833,179.361328
4710,512,90542,176.839844
4711,512,90375,176.513672
4712,512,89375,174.560547
4713,512,87208,170.328125
4714,512,87250,170.410156
4715,512,91166,178.058594
4716,512,94417,184.408203
4717,512,96042,187.582031
4718,512,98250,191.894531
4719,512,91750,179.199219
4720,512,89750,175.292969
4721,512,91416,178.546875
4722,512,102250,199.707031
4723,512,94875,185.302734
4724,512,92792,181.234375
4725,512,97791,190.998047
4726,512,124917,243.978516
4727,512,174417,340.658203
4728,512,114625,223.876953
4729,512,111333,217.447266
4730,512,112333,219.400391
4731,512,110584,215.984375
4732,512,109292,213.460938
4733,512,115292,225.179688
4734,512,121375,237.060547
4735,512,114416,223.468750
4736,512,109875,214.599609
4737,512,115125,224.853516
4738,512,128417,250.814453
4739,512,109042,212.972656
4740,512,128958,251.871094
4741,512,111625,218.017578
4742,512,110500,215.820312
4743,512,123541,241.291016
4744,512,117833,230.142578
4745,512,106667,208.333984
4746,512,118292,231.039062
4747,512,107708,210.367188
4748,512,104167,203.451172
4749,512,102584,200.359375
4750,512,99708,194.742188
4751,512,101208,197.671875
4752,512,100167,195.638672
4753,512,104166,203.449219
4754,512,100958,197.183594
4755,512,97084,189.617188
4756,512,99291,193.927734
4757,512,100792,196.859375
4758,512,98583,192.544922
4759,512,102542,200.277344
4760,512,101542,198.324219
4761,512,98375,192.138672
4762,512,99166,193.683594
4763,512,97125,189.697266
4764,512,95583,186.685547
4765,512,94667,184.896484
4766,512,98083,191.568359
4767,512,94583,184.732422
4768,512,101792,198.812500
4769,512,98666,192.707031
4770,512,94333,184.244141
4771,512,96375,188.232422
4772,512,100542,196.371094
4773,512,99292,193.929688
4774,512,99792,194.906250
4775,512,96375,188.232422
4776,512,96208,187.906250
4777,512,96083,187.662109
4778,512,96292,188.070312
4779,512,98541,192.462891
4780,512,99292,193.929688
4781,512,106416,207.843750
4782,512,93542,182.699219
4783,512,95458,186.441406
4784,512,93542,182.699219
4785,512,95042,185.628906
4786,512,97250,189.941406
4787,512,93625,182.861328
4788,512,95125,185.791016
4789,512,92792,181.234375
4790,512,95083,185.708984
4791,512,94791,185.138672
4792,512,95750,187.011719
4793,512,97333,190.103516
4794,512,101084,197.429688
4795,512,95750,187.011719
4796,512,96666,188.800781
4797,512,95667,186.849609
4798,512,94500,184.570312
4799,512,91458,178.628906
4800,512,94917,185.384766
4801,512,101208,197.671875
4802,512,95667,186.849609
4803,512,106291,207.599609
4804,512,96709,188.884766
4805,512,101041,197.345703
4806,512,93292,182.210938
4807,512,92333,180.337891
4808,512,93667,182.943359
4809,512,95375,186.279297
4810,512,97958,191.324219
4811,512,91500,178.710938
4812,512,92667,180.990234
4813,512,92750,181.152344
4814,512,96209,187.908203
4815,512,93417,182.455078
4816,512,92708,181.070312
4817,512,95500,186.523438
4818,512,89750,175.292969
4819,512,92541,180.744141
4820,512,92875,181.396484
4821,512,93584,182.781250
4822,512,92459,180.583984
4823,512,92458,180.582031
4824,512,91875,179.443359
4825,512,90583,176.919922
4826,512,90625,177.001953
4827,512,92250,180.175781
4828,512,89542,174.886719
4829,512,92292,180.257812
4830,512,91500,178.710938
4831,512,92291,180.255859
4832,512,91125,177.978516
4833,512,90334,176.433594
4834,512,89208,174.234375
4835,512,89458,174.722656
4836,512,92833,181.314453
4837,512,93833,183.267578
4838,512,88167,172.201172
4839,512,91125,177.978516
4840,512,89708,175.210938
4841,512,90125,176.025391
4842,512,90917,177.572266
4843,512,95583,186.685547
4844,512,90083,175.943359
4845,512,89709,175.212891
4846,512,91125,177.978516
4847,512,90625,177.001953
4848,512,98000,191.406250
4849,512,92167,180.013672
4850,512,91250,178.222656
4851,512,91000,177.734375
4852,512,90333,176.431641
4853,512,89958,175.699219
4854,512,89792,175.375000
4855,512,92166,180.011719
4856,512,87208,170.328125
4857,512,96667,188.802734
4858,512,92250,180.175781
4859,512,114917,224.447266
4860,512,89292,174.398438
4861,512,89458,174.722656
4862,512,172667,337.240234
4863,512,104375,203.857422
4864,512,101458,198.160156
4865,512,99916,195.148438
4866,512,102333,199.869141
4867,512,96959,189.373047
4868,512,103584,202.312500
4869,512,99000,193.359375
4870,512,98709,192.791016
4871,512,100291,195.880859
4872,512,96167,187.826172
4873,512,100542,196.371094
4874,512,98250,191.894531
4875,512,97291,190.021484
4876,512,100834,196.941406
4877,512,107208,209.390625
4878,512,102042,199.300781
4879,512,99333,194.009766
4880,512,99375,194.091797
4881,512,101334,197.917969
4882,512,101041,197.345703
4883,512,100417,196.126953
4884,512,96875,189.208984
4885,512,96666,188.800781
4886,512,96292,188.070312
4887,512,98709,192.791016
4888,512,96833,189.126953
4889,512,97583,190.591797
4890,512,102459,200.115234
4891,512,118208,230.875000
4892,512,100375,196.044922
4893,512,95250,186.035156
4894,512,99167,193.685547
4895,512,98167,191.732422
4896,512,96292,188.070312
4897,512,100250,195.800781
4898,512,100708,196.695312
4899,512,103000,201.171875
4900,512,103791,202.716797
4901,512,131209,256.267578
4902,512,101375,197.998047
4903,512,97958,191.324219
4904,512,101500,198.242188
4905,512,111208,217.203125
4906,512,138125,269.775391
4907,512,137000,267.578125
4908,512,110333,215.494141
4909,512,137667,268.880859
4910,512,122416,239.093750
4911,512,138417,270.345703
4912,512,124000,242.187500
4913,512,129208,252.359375
4914,512,109917,214.681641
4915,512,109542,213.949219
4916,512,107250,209.472656
4917,512,108417,211.751953
4918,512,108541,211.994141
4919,512,109750,214.355469
4920,512,113208,221.109375
4921,512,108209,211.345703
4922,512,108958,212.808594
4923,512,107292,209.554688
4924,512,107041,209.064453
4925,512,106917,208.822266
4926,512,116666,227.863281
4927,512,117959,230.388672
4928,512,107375,209.716797
4929,512,106417,207.845703
4930,512,105958,206.949219
4931,512,103792,202.718750
4932,512,106333,207.681641
4933,512,104959,204.998047
4934,512,107125,209.228516
4935,512,102833,200.845703
4936,512,104250,203.613281
4937,512,105583,206.216797
4938,512,103083,201.333984
4939,512,107625,210.205078
4940,512,104375,203.857422
4941,512,104125,203.369141
4942,512,100292,195.882812
4943,512,101333,197.916016
4944,512,100917,197.103516
4945,512,105208,205.484375
4946,512,102583,200.357422
4947,512,103000,201.171875
4948,512,99125,193.603516
4949,512,100792,196.859375
4950,512,99958,195.230469
4951,512,98542,192.464844
4952,512,99666,194.660156
4953,512,102834,200.847656
4954,512,96000,187.500000
4955,512,102458,200.113281
4956,512,100500,196.289062
4957,512,95459,186.443359
4958,512,99084,193.523438
4959,512,97375,190.185547
4960,512,95333,186.197266
4961,512,101125,197.509766
4962,512,95958,187.417969
4963,512,96125,187.744141
4964,512,94875,185.302734
4965,512,95667,186.849609
4966,512,95416,186.359375
4967,512,97542,190.511719
4968,512,100292,195.882812
4969,512,93625,182.861328
4970,512,94333,184.244141
4971,512,97417,190.267578
4972,512,95166,185.871094
4973,512,95209,185.955078
4974,512,93958,183.511719
4975,512,98458,192.300781
4976,512,96125,187.744141
4977,512,95000,185.546875
4978,512,101625,198.486328
4979,512,94083,183.755859
4980,512,92292,180.257812
4981,512,97417,190.267578
4982,512,93917,183.431641
4983,512,93875,183.349609
4984,512,92709,181.072266
4985,512,95959,187.419922
4986,512,93083,181.802734
4987,512,92083,179.849609
4988,512,93667,182.943359
4989,512,93792,183.187500
4990,512,94875,185.302734
4991,512,93833,183.267578
4992,512,90667,177.083984
4993,512,93334,182.292969
4994,512,94041,183.673828
4995,512,91625,178.955078
4996,512,95458,186.441406
4997,512,96625,188.720703
4998,512,92875,181.396484
4999,512,93500,182.617188
5000,512,92833,181.314453
5001,512,90708,177.164062
5002,512,92584,180.828125
5003,512,91292,178.304688
5004,512,91667,179.037109
5005,512,89791,175.373047
5006,512,91542,178.792969
5007,512,93041,181.720703
5008,512,90625,177.001953
5009,512,90708,177.164062
5010,512,92542,180.746094
5011,512,88667,173.177734
5012,512,107500,209.960938
5013,512,91042,177.816406
5014,512,93292,182.210938
5015,512,89542,174.886719
5016,512,92500,180.664062
5017,512,94709,184.978516
5018,512,89166,174.152344
5019,512,90917,177.572266
5020,512,119708,233.804688
5021,512,99959,195.232422
5022,512,105292,205.648438
5023,512,92000,179.687500
5024,512,88625,173.095703
5025,512,92000,179.687500
5026,512,95833,187.173828
5027,512,93042,181.722656
5028,512,90458,176.675781
5029,512,92250,180.175781
5030,512,92583,180.826172
5031,512,92209,180.095703
5032,512,92750,181.152344
5033,512,94709,184.978516
5034,512,93708,183.023438
5035,512,90792,177.328125
5036,512,93375,182.373047
5037,512,91333,178.384766
5038,512,89625,175.048828
5039,512,94458,184.488281
5040,512,94167,183.919922
5041,512,90667,177.083984
5042,512,100958,197.183594
5043,512,98583,192.544922
5044,512,91333,178.384766
5045,512,93334,182.292969
5046,512,89666,175.128906
5047,512,90250,176.269531
5048,512,91167,178.060547
5049,512,91292,178.304688
5050,512,97791,190.998047
5051,512,91875,179.443359
5052,512,96125,187.744141
5053,512,114750,224.121094
5054,512,93125,181.884766
5055,512,88375,172.607422
5056,512,92375,180.419922
5057,512,97500,190.429688
5058,512,111125,217.041016
5059,512,101833,198.892578
5060,512,94917,185.384766
5061,512,97333,190.103516
5062,512,100750,196.777344
5063,512,109583,214.029297
5064,512,99084,193.523438
5065,512,99958,195.230469
5066,512,103041,201.251953
5067,512,113625,221.923828
5068,512,98750,192.871094
5069,512,102334,199.871094
5070,512,101459,198.162109
5071,512,115542,225.667969
5072,512,112542,219.808594
5073,512,104958,204.996094
5074,512,119625,233.642578
5075,512,104500,204.101562
5076,512,110750,216.308594
5077,512,118500,231.445312
5078,512,105333,205.728516
5079,512,97875,191.162109
5080,512,116042,226.644531
5081,512,115166,224.933594
5082,512,96625,188.720703
5083,512,98959,193.279297
5084,512,96875,189.208984
5085,512,91833,179.361328
5086,512,95417,186.361328
5087,512,99542,194.417969
5088,512,92167,180.013672
5089,512,97042,189.535156
5090,512,101166,197.589844
5091,512,96000,187.500000
5092,512,97834,191.082031
5093,512,97833,191.080078
5094,512,95542,186.605469
5095,512,95375,186.279297
5096,512,95959,187.419922
5097,512,103875,202.880859
5098,512,99125,193.603516
5099,512,112584,219.890625
5100,512,100000,195.312500
5101,512,95167,185.873047
5102,512,98708,192.789062
5103,512,94917,185.384766
5104,512,95875,187.255859
5105,512,95209,185.955078
5106,512,97125,189.697266
5107,512,98709,192.791016
5108,512,96333,188.150391
5109,512,94917,185.384766
5110,512,96625,188.720703
5111,512,95167,185.873047
5112,512,100708,196.695312
5113,512,96250,187.988281
5114,512,93125,181.884766
5115,512,94708,184.976562
5116,512,94125,183.837891
5117,512,91500,178.710938
5118,512,89500,174.804688
5119,512,93958,183.511719
5120,512,95500,186.523438
5121,512,94875,185.302734
5122,512,94542,184.652344
5123,512,91833,179.361328
5124,512,89750,175.292969
5125,512,93000,181.640625
5126,512,95042,185.628906
5127,512,92833,181.314453
5128,512,94959,185.466797
5129,512,95875,187.255859
5130,512,95708,186.929688
5131,512,94917,185.384766
5132,512,92375,180.419922
5133,512,93166,181.964844
5134,512,94250,184.082031
5135,512,93875,183.349609
5136,512,96042,187.582031
5137,512,93208,182.046875
5138,512,90875,177.490234
5139,512,88917,173.666016
5140,512,90583,176.919922
5141,512,97083,189.615234
5142,512,92916,181.476562
5143,512,92667,180.990234
5144,512,90917,177.572266
5145,512,90625,177.001953
5146,512,91458,178.628906
5147,512,93041,181.720703
5148,512,88667,173.177734
5149,512,90166,176.105469
5150,512,88542,172.933594
5151,512,89500,174.804688
5152,512,93667,182.943359
5153,512,99583,194.498047
5154,512,92875,181.396484
5155,512,90667,177.083984
5156,512,91541,178.791016
5157,512,89625,175.048828
5158,512,90750,177.246094
5159,512,94750,185.058594
5160,512,88625,173.095703
5161,512,91167,178.060547
5162,512,89708,175.210938
5163,512,92292,180.257812
5164,512,95375,186.279297
5165,512,102917,201.009766
5166,512,93375,182.373047
5167,512,91125,177.978516
5168,512,89750,175.292969
5169,512,90875,177.490234
5170,512,92541,180.744141
5171,512,91417,178.548828
5172,512,97875,191.162109
5173,512,89875,175.537109
5174,512,90625,177.001953
5175,512,87542,170.980469
5176,512,88875,173.583984
5177,512,88542,172.933594
5178,512,88500,172.851562
5179,512,89500,174.804688
5180,512,88542,172.933594
5181,512,89541,174.884766
5182,512,86333,168.619141
5183,512,89542,174.886719
5184,512,91000,177.734375
5185,512,88333,172.525391
5186,512,90458,176.675781
5187,512,97166,189.777344
5188,512,91375,178.466797
5189,512,88042,171.957031
5190,512,91375,178.466797
5191,512,93208,182.046875
5192,512,93375,182.373047
5193,512,93708,183.023438
5194,512,91333,178.384766
5195,512,90208,176.187500
5196,512,92417,180.501953
5197,512,90833,177.408203
5198,512,92667,180.990234
5199,512,92125,179.931641
5200,512,93042,181.722656
5201,512,92625,180.908203
5202,512,90542,176.839844
5203,512,88334,172.527344
5204,512,91417,178.548828
5205,512,90958,177.652344
5206,512,91417,178.548828
5207,512,90667,177.083984
5208,512,97125,189.697266
5209,512,93083,181.802734
5210,512,90042,175.863281
5211,512,91083,177.896484
5212,512,91625,178.955078
5213,512,92125,179.931641
5214,512,88792,173.421875
5215,512,91084,177.898438
5216,512,90708,177.164062
5217,512,91125,177.978516
5218,512,90833,177.408203
5219,512,88917,173.666016
5220,512,87500,170.898438
5221,512,88708,173.257812
5222,512,89917,175.619141
5223,512,90541,176.837891
5224,512,89375,174.560547
5225,512,93000,181.640625
5226,512,91625,178.955078
5227,512,89708,175.210938
5228,512,95459,186.443359
5229,512,89083,173.990234
5230,512,85500,166.992188
5231,512,93125,181.884766
5232,512,97209,189.861328
5233,512,97000,189.453125
5234,512,107917,210.775391
5235,512,89708,175.210938
5236,512,91333,178.384766
5237,512,91292,178.304688
5238,512,90916,177.570312
5239,512,92542,180.746094
5240,512,90750,177.246094
5241,512,92167,180.013672
5242,512,92208,180.093750
5243,512,91958,179.605469
5244,512,88958,173.746094
5245,512,89500,174.804688
5246,512,91333,178.384766
5247,512,91417,178.548828
5248,512,91375,178.466797
5249,512,91000,177.734375
5250,512,91125,177.978516
5251,512,90708,177.164062
5252,512,93000,181.640625
5253,512,94750,185.058594
5254,512,86542,169.027344
5255,512,89125,174.072266
5256,512,90625,177.001953
5257,512,88500,172.851562
5258,512,90500,176.757812
5259,512,92541,180.744141
5260,512,89834,175.457031
5261,512,97500,190.429688
5262,512,90833,177.408203
5263,512,88666,173.175781
5264,512,90667,177.083984
5265,512,89750,175.292969
5266,512,89458,174.722656
5267,512,89833,175.455078
5268,512,91333,178.384766
5269,512,91667,179.037109
5270,512,92125,179.931641
5271,512,92167,180.013672
5272,512,92083,179.849609
5273,512,92792,181.234375
5274,512,93458,182.535156
5275,512,96167,187.826172
5276,512,98333,192.056641
5277,512,102500,200.195312
5278,512,105083,205.240234
5279,512,97334,190.105469
5280,512,102791,200.763672
5281,512,99042,193.441406
5282,512,88708,173.257812
5283,512,88334,172.527344
5284,512,93208,182.046875
5285,512,88875,173.583984
5286,512,89833,175.455078
5287,512,93833,183.267578
5288,512,93000,181.640625
5289,512,89916,175.617188
5290,512,93292,182.210938
5291,512,95000,185.546875
5292,512,89417,174.642578
5293,512,89583,174.966797
5294,512,100125,195.556641
5295,512,87833,171.548828
5296,512,90209,176.189453
5297,512,91042,177.816406
5298,512,89208,174.234375
5299,512,86083,168.130859
5300,512,89083,173.990234
5301,512,93542,182.699219
5302,512,87916,171.710938
5303,512,90458,176.675781
5304,512,88459,172.771484
5305,512,88625,173.095703
5306,512,89291,174.396484
5307,512,89292,174.398438
5308,512,88834,173.503906
5309,512,89959,175.701172
5310,512,88083,172.037109
5311,512,88750,173.339844
5312,512,89417,174.642578
5313,512,85959,167.888672
5314,512,89709,175.212891
5315,512,93000,181.640625
5316,512,87000,169.921875
5317,512,92250,180.175781
5318,512,89875,175.537109
5319,512,87625,171.142578
5320,512,88708,173.257812
5321,512,90208,176.187500
5322,512,87708,171.304688
5323,512,98250,191.894531
5324,512,91042,177.816406
5325,512,85416,166.828125
5326,512,87084,170.085938
5327,512,89375,174.560547
5328,512,88458,172.769531
5329,512,88166,172.199219
5330,512,87750,171.386719
5331,512,91500,178.710938
5332,512,85167,166.341797
5333,512,89084,173.992188
5334,512,86375,168.701172
5335,512,89791,175.373047
5336,512,86625,169.189453
5337,512,87709,171.306641
5338,512,87625,171.142578
5339,512,89042,173.910156
5340,512,86833,169.595703
5341,512,84750,165.527344
5342,512,92667,180.990234
5343,512,85666,167.316406
5344,512,86750,169.433594
5345,512,87333,170.572266
5346,512,88125,172.119141
5347,512,88917,173.666016
5348,512,87833,171.548828
5349,512,85958,167.886719
5350,512,87334,170.574219
5351,512,85583,167.154297
5352,512,86042,168.050781
5353,512,88083,172.037109
5354,512,85958,167.886719
5355,512,89292,174.398438
5356,512,85250,166.503906
5357,512,87959,171.794922
5358,512,86625,169.189453
5359,512,85541,167.072266
5360,512,88000,171.875000
5361,512,92584,180.828125
5362,512,87833,171.548828
5363,512,88833,173.501953
5364,512,84875,165.771484
5365,512,85917,167.806641
5366,512,85541,167.072266
5367,512,86125,168.212891
5368,512,92792,181.234375
5369,512,85625,167.236328
5370,512,90875,177.490234
5371,512,89667,175.130859
5372,512,87708,171.304688
5373,512,93042,181.722656
5374,512,88500,172.851562
5375,512,87250,170.410156
5376,512,89542,174.886719
5377,512,89042,173.910156
5378,512,88209,172.283203
5379,512,86875,169.677734
5380,512,86333,168.619141
5381,512,92958,181.558594
5382,512,90792,177.328125
5383,512,87500,170.898438
5384,512,89084,173.992188
5385,512,85416,166.828125
5386,512,88584,173.015625
5387,512,86083,168.130859
5388,512,88666,173.175781
5389,512,86375,168.701172
5390,512,87834,171.550781
5391,512,88541,172.931641
5392,512,87542,170.980469
5393,512,88875,173.583984
5394,512,88375,172.607422
5395,512,87875,171.630859
5396,512,87875,171.630859
5397,512,90792,177.328125
5398,512,89208,174.234375
5399,512,90125,176.025391
5400,512,89167,174.154297
5401,512,87666,171.222656
5402,512,88792,173.421875
5403,512,89458,174.722656
5404,512,90000,175.781250
5405,512,89666,175.128906
5406,512,89375,174.560547
5407,512,93958,183.511719
5408,512,107208,209.390625
5409,512,90292,176.351562
5410,512,91166,178.058594
5411,512,88459,172.771484
5412,512,105833,206.705078
5413,512,92917,181.478516
5414,512,87625,171.142578
5415,512,87083,170.083984
5416,512,90875,177.490234
5417,512,98917,193.197266
5418,512,93750,183.105469
5419,512,95708,186.929688
5420,512,102542,200.277344
5421,512,91792,179.281250
5422,512,101875,198.974609
5423,512,95375,186.279297
5424,512,96416,188.312500
5425,512,112209,219.158203
5426,512,99541,194.416016
5427,512,101917,199.056641
5428,512,108917,212.728516
5429,512,102875,200.927734
5430,512,106000,207.031250
5431,512,101875,198.974609
5432,512,115625,225.830078
5433,512,95917,187.337891
5434,512,105333,205.728516
5435,512,121000,236.328125
5436,512,104583,204.263672
5437,512,107042,209.066406
5438,512,114583,223.794922
5439,512,108250,211.425781
5440,512,96709,188.884766
5441,512,121875,238.037109
5442,512,101917,199.056641
5443,512,96958,189.371094
5444,512,95417,186.361328
5445,512,93375,182.373047
5446,512,94084,183.757812
5447,512,98541,192.462891
5448,512,96917,189.291016
5449,512,92708,181.070312
5450,512,103125,201.416016
5451,512,93208,182.046875
5452,512,93875,183.349609
5453,512,97084,189.617188
5454,512,91791,179.279297
5455,512,98792,192.953125
5456,512,96583,188.638672
5457,512,93875,183.349609
5458,512,99292,193.929688
5459,512,93375,182.373047
5460,512,93708,183.023438
5461,512,98458,192.300781
5462,512,103833,202.798828
5463,512,105792,206.625000
5464,512,96750,188.964844
5465,512,93083,181.802734
5466,512,93083,181.802734
5467,512,93292,182.210938
5468,512,96375,188.232422
5469,512,93375,182.373047
5470,512,95875,187.255859
5471,512,94708,184.976562
5472,512,91791,179.279297
5473,512,93458,182.535156
5474,512,98333,192.056641
5475,512,93000,181.640625
5476,512,96667,188.802734
5477,512,96125,187.744141
5478,512,100500,196.289062
5479,512,94166,183.917969
5480,512,91584,178.875000
5481,512,95333,186.197266
5482,512,99875,195.068359
5483,512,93875,183.349609
5484,512,94167,183.919922
5485,512,95833,187.173828
5486,512,96250,187.988281
5487,512,95292,186.117188
5488,512,90917,177.572266
5489,512,94917,185.384766
5490,512,94500,184.570312
5491,512,93958,183.511719
5492,512,89833,175.455078
5493,512,93958,183.511719
5494,512,93417,182.455078
5495,512,89625,175.048828
5496,512,92542,180.746094
5497,512,92041,179.767578
5498,512,95334,186.199219
5499,512,93500,182.617188
5500,512,90875,177.490234
5501,512,92958,181.558594
5502,512,99250,193.847656
5503,512,93083,181.802734
5504,512,91292,178.304688
5505,512,92584,180.828125
5506,512,92208,180.093750
5507,512,92791,181.232422
5508,512,94417,184.408203
5509,512,92000,179.687500
5510,512,95000,185.546875
5511,512,92208,180.093750
5512,512,90708,177.164062
5513,512,90291,176.349609
5514,512,89917,175.619141
5515,512,91208,178.140625
5516,512,91084,177.898438
5517,512,90375,176.513672
5518,512,92500,180.664062
5519,512,90709,177.166016
5520,512,90417,176.595703
5521,512,89208,174.234375
5522,512,90084,175.945312
5523,512,90791,177.326172
5524,512,91584,178.875000
5525,512,90791,177.326172
5526,512,93459,182.537109
5527,512,91583,178.873047
5528,512,90000,175.781250
5529,512,93000,181.640625
5530,512,89875,175.537109
5531,512,91625,178.955078
5532,512,92000,179.687500
5533,512,89209,174.236328
5534,512,94958,185.464844
5535,512,90958,177.652344
5536,512,92459,180.583984
5537,512,90000,175.781250
5538,512,91167,178.060547
5539,512,88792,173.421875
5540,512,91459,178.630859
5541,512,90500,176.757812
5542,512,90125,176.025391
5543,512,91542,178.792969
5544,512,91750,179.199219
5545,512,93333,182.291016
5546,512,95375,186.279297
5547,512,90166,176.105469
5548,512,99459,194.255859
5549,512,89500,174.804688
5550,512,93333,182.291016
5551,512,93250,182.128906
5552,512,91000,177.734375
5553,512,91000,177.734375
5554,512,89917,175.619141
5555,512,90458,176.675781
5556,512,93625,182.861328
5557,512,91417,178.548828
5558,512,95417,186.361328
5559,512,98458,192.300781
5560,512,92292,180.257812
5561,512,92583,180.826172
5562,512,101042,197.347656
5563,512,94500,184.570312
5564,512,92250,180.175781
5565,512,88875,173.583984
5566,512,90750,177.246094
5567,512,95166,185.871094
5568,512,91000,177.734375
5569,512,92792,181.234375
5570,512,91166,178.058594
5571,512,91292,178.304688
5572,512,91250,178.222656
5573,512,92417,180.501953
5574,512,91083,177.896484
5575,512,91250,178.222656
5576,512,89208,174.234375
5577,512,88209,172.283203
5578,512,91334,178.386719
5579,512,90250,176.269531
5580,512,94542,184.652344
5581,512,88500,172.851562
5582,512,91166,178.058594
5583,512,92333,180.337891
5584,512,91125,177.978516
5585,512,91917,179.525391
5586,512,97417,190.267578
5587,512,95708,186.929688
5588,512,90000,175.781250
5589,512,89416,174.640625
5590,512,91708,179.117188
5591,512,94042,183.675781
5592,512,93083,181.802734
5593,512,100333,195.962891
5594,512,111625,218.017578
5595,512,93417,182.455078
5596,512,91834,179.363281
5597,512,89250,174.316406
5598,512,94041,183.673828
5599,512,91625,178.955078
5600,512,92333,180.337891
5601,512,92834,181.316406
5602,512,90583,176.919922
5603,512,90166,176.105469
5604,512,89334,174.480469
5605,512,91875,179.443359
5606,512,89750,175.292969
5607,512,88625,173.095703
5608,512,89334,174.480469
5609,512,89833,175.455078
5610,512,89542,174.886719
5611,512,91292,178.304688
5612,512,90000,175.781250
5613,512,91042,177.816406
5614,512,91333,178.384766
5615,512,92416,180.500000
5616,512,91917,179.525391
5617,512,90208,176.187500
5618,512,92333,180.337891
5619,512,94417,184.408203
5620,512,92458,180.582031
5621,512,93000,181.640625
5622,512,91084,177.898438
5623,512,94125,183.837891
5624,512,89209,174.236328
5625,512,93292,182.210938
5626,512,96250,187.988281
5627,512,92375,180.419922
5628,512,91416,178.546875
5629,512,91250,178.222656
5630,512,102125,199.462891
5631,512,99458,194.253906
5632,512,93792,183.187500
5633,512,92083,179.849609
5634,512,92958,181.558594
5635,512,90125,176.025391
5636,512,92667,180.990234
5637,512,96417,188.314453
5638,512,130500,254.882812
5639,512,128459,250.896484
5640,512,105958,206.949219
5641,512,109083,213.052734
5642,512,98042,191.488281
5643,512,95584,186.687500
5644,512,97333,190.103516
5645,512,95708,186.929688
5646,512,99000,193.359375
5647,512,96542,188.558594
5648,512,100333,195.962891
5649,512,95958,187.417969
5650,512,96625,188.720703
5651,512,97625,190.673828
5652,512,96667,188.802734
5653,512,95958,187.417969
5654,512,96916,189.289062
5655,512,99417,194.173828
5656,512,95583,186.685547
5657,512,96000,187.500000
5658,512,96750,188.964844
5659,512,98958,193.277344
5660,512,98667,192.708984
5661,512,98625,192.626953
5662,512,96500,188.476562
5663,512,96042,187.582031
5664,512,97750,190.917969
5665,512,98166,191.730469
5666,512,97375,190.185547
5667,512,93666,182.941406
5668,512,98417,192.220703
5669,512,96500,188.476562
5670,512,96250,187.988281
5671,512,98958,193.277344
5672,512,95166,185.871094
5673,512,95459,186.443359
5674,512,96583,188.638672
5675,512,95917,187.337891
5676,512,95083,185.708984
5677,512,97958,191.324219
5678,512,96333,188.150391
5679,512,96667,188.802734
5680,512,111000,216.796875
5681,512,96625,188.720703
5682,512,99209,193.767578
5683,512,96875,189.208984
5684,512,97709,190.837891
5685,512,98500,192.382812
5686,512,96000,187.500000
5687,512,95167,185.873047
5688,512,97000,189.453125
5689,512,104292,203.695312
5690,512,108875,212.646484
5691,512,99500,194.335938
5692,512,96750,188.964844
5693,512,101500,198.242188
5694,512,96583,188.638672
5695,512,95542,186.605469
5696,512,96708,188.882812
5697,512,97167,189.779297
5698,512,98084,191.570312
5699,512,99041,193.439453
5700,512,98375,192.138672
5701,512,98792,192.953125
5702,512,98083,191.568359
5703,512,97875,191.162109
5704,512,95625,186.767578
5705,512,97958,191.324219
5706,512,96583,188.638672
5707,512,95000,185.546875
5708,512,95750,187.011719
5709,512,95167,185.873047
5710,512,100375,196.044922
5711,512,97833,191.080078
5712,512,94917,185.384766
5713,512,96417,188.314453
5714,512,97084,189.617188
5715,512,96959,189.373047
5716,512,96666,188.800781
5717,512,99459,194.255859
5718,512,98833,193.033203
5719,512,97458,190.347656
5720,512,96500,188.476562
5721,512,96958,189.371094
5722,512,111250,217.285156
5723,512,97333,190.103516
5724,512,99209,193.767578
5725,512,96875,189.208984
5726,512,97750,190.917969
5727,512,100917,197.103516
5728,512,100042,195.394531
5729,512,95458,186.441406
5730,512,98708,192.789062
5731,512,101292,197.835938
5732,512,122458,239.175781
5733,512,132292,258.382812
5734,512,103166,201.496094
5735,512,101209,197.673828
5736,512,104125,203.369141
5737,512,101167,197.591797
5738,512,102875,200.927734
5739,512,100125,195.556641
5740,512,104125,203.369141
5741,512,101375,197.998047
5742,512,99041,193.439453
5743,512,103417,201.986328
5744,512,104083,203.287109
5745,512,101375,197.998047
5746,512,103125,201.416016
5747,512,104417,203.939453
5748,512,101708,198.648438
5749,512,100458,196.207031
5750,512,103375,201.904297
5751,512,99667,194.662109
5752,512,104084,203.289062
5753,512,104084,203.289062
5754,512,103250,201.660156
5755,512,104459,204.021484
5756,512,103791,202.716797
5757,512,105084,205.242188
5758,512,129250,252.441406
5759,512,107292,209.554688
5760,512,102292,199.789062
5761,512,114666,223.957031
5762,512,117458,229.410156
5763,512,110084,215.007812
5764,512,104459,204.021484
5765,512,105208,205.484375
5766,512,110167,215.169922
5767,512,138542,270.589844
5768,512,122000,238.281250
5769,512,133083,259.927734
5770,512,134292,262.289062
5771,512,129583,253.091797
5772,512,138833,271.158203
5773,512,136500,266.601562
5774,512,143125,279.541016
5775,512,146542,286.214844
5776,512,143375,280.029297
5777,512,130875,255.615234
5778,512,138625,270.751953
5779,512,124959,244.060547
5780,512,141291,275.958984
5781,512,131250,256.347656
5782,512,122625,239.501953
5783,512,140625,274.658203
5784,512,112000,218.750000
5785,512,110250,215.332031
5786,512,108000,210.937500
5787,512,109042,212.972656
5788,512,112208,219.156250
5789,512,109167,213.216797
5790,512,110917,216.634766
5791,512,111709,218.181641
5792,512,111291,217.365234
5793,512,112125,218.994141
5794,512,108333,211.587891
5795,512,111500,217.773438
5796,512,122750,239.746094
5797,512,123542,241.292969
5798,512,107750,210.449219
5799,512,111792,218.343750
5800,512,111958,218.667969
5801,512,112333,219.400391
5802,512,112709,220.134766
5803,512,123459,241.130859
5804,512,132667,259.115234
5805,512,118916,232.257812
5806,512,110292,215.414062
5807,512,103292,201.742188
5808,512,103958,203.042969
5809,512,105875,206.787109
5810,512,106042,207.113281
5811,512,115292,225.179688
5812,512,108500,211.914062
5813,512,112542,219.808594
5814,512,113917,222.494141
5815,512,109208,213.296875
5816,512,110333,215.494141
5817,512,107958,210.855469
5818,512,104375,203.857422
5819,512,106958,208.902344
5820,512,107667,210.287109
5821,512,102625,200.439453
5822,512,108791,212.482422
5823,512,105584,206.218750
5824,512,105041,205.158203
5825,512,108667,212.240234
5826,512,104209,203.533203
5827,512,106000,207.031250
5828,512,106625,208.251953
5829,512,106500,208.007812
5830,512,105875,206.787109
5831,512,105583,206.216797
5832,512,104583,204.263672
5833,512,101500,198.242188
5834,512,120209,234.783203
5835,512,104458,204.019531
5836,512,124708,243.570312
5837,512,105834,206.707031
5838,512,121125,236.572266
5839,512,109250,213.378906
5840,512,105458,205.972656
5841,512,102416,200.031250
5842,512,102375,199.951172
5843,512,103167,201.498047
5844,512,102042,199.300781
5845,512,99333,194.009766
5846,512,100500,196.289062
5847,512,99667,194.662109
5848,512,98875,193.115234
5849,512,98167,191.732422
5850,512,104750,204.589844
5851,512,99916,195.148438
5852,512,98459,192.302734
5853,512,101000,197.265625
5854,512,104333,203.775391
5855,512,96167,187.826172
5856,512,102209,199.626953
5857,512,98792,192.953125
5858,512,95958,187.417969
5859,512,102750,200.683594
5860,512,101541,198.322266
5861,512,99417,194.173828
5862,512,101667,198.568359
5863,512,97958,191.324219
5864,512,100083,195.474609
5865,512,99916,195.148438
5866,512,99333,194.009766
5867,512,97084,189.617188
5868,512,96666,188.800781
5869,512,101334,197.917969
5870,512,94541,184.650391
5871,512,98125,191.650391
5872,512,98709,192.791016
5873,512,98166,191.730469
5874,512,94417,184.408203
5875,512,105208,205.484375
5876,512,101667,198.568359
5877,512,96500,188.476562
5878,512,96125,187.744141
5879,512,94333,184.244141
5880,512,96084,187.664062
5881,512,95291,186.115234
5882,512,95084,185.710938
5883,512,91167,178.060547
5884,512,108500,211.914062
5885,512,118083,230.630859
5886,512,101250,197.753906
5887,512,93458,182.535156
5888,512,93417,182.455078
5889,512,95167,185.873047
5890,512,96083,187.662109
5891,512,93542,182.699219
5892,512,92250,180.175781
5893,512,93875,183.349609
5894,512,93125,181.884766
5895,512,91958,179.605469
5896,512,93667,182.943359
5897,512,96625,188.720703
5898,512,94125,183.837891
5899,512,93458,182.535156
5900,512,93125,181.884766
5901,512,93625,182.861328
5902,512,94125,183.837891
5903,512,92125,179.931641
5904,512,96333,188.150391
5905,512,92084,179.851562
5906,512,92375,180.419922
5907,512,91500,178.710938
5908,512,92083,179.849609
5909,512,95042,185.628906
5910,512,93750,183.105469
5911,512,96625,188.720703
5912,512,91916,179.523438
5913,512,96750,188.964844
5914,512,98667,192.708984
5915,512,93708,183.023438
5916,512,93625,182.861328
5917,512,93250,182.128906
5918,512,97875,191.162109
5919,512,94417,184.408203
5920,512,112292,219.320312
5921,512,95125,185.791016
5922,512,89833,175.455078
5923,512,95458,186.441406
5924,512,94084,183.757812
5925,512,93166,181.964844
5926,512,91833,179.361328
5927,512,92042,179.769531
5928,512,91583,178.873047
5929,512,92875,181.396484
5930,512,90208,176.187500
5931,512,90209,176.189453
5932,512,94959,185.466797
5933,512,92584,180.828125
5934,512,90834,177.410156
5935,512,88750,173.339844
5936,512,93000,181.640625
5937,512,92916,181.476562
5938,512,92209,180.095703
5939,512,90666,177.082031
5940,512,89958,175.699219
5941,512,89250,174.316406
5942,512,91209,178.142578
5943,512,89833,175.455078
5944,512,92083,179.849609
5945,512,90208,176.187500
5946,512,92334,180.339844
5947,512,92500,180.664062
5948,512,87125,170.166016
5949,512,91667,179.037109
5950,512,91625,178.955078
5951,512,91250,178.222656
5952,512,96000,187.500000
5953,512,95459,186.443359
5954,512,92000,179.687500
5955,512,91250,178.222656
5956,512,90375,176.513672
5957,512,90250,176.269531
5958,512,97750,190.917969
5959,512,88542,172.933594
5960,512,92041,179.767578
5961,512,90292,176.351562
5962,512,89375,174.560547
5963,512,97000,189.453125
5964,512,92541,180.744141
5965,512,93875,183.349609
5966,512,91792,179.281250
5967,512,89875,175.537109
5968,512,91875,179.443359
5969,512,91167,178.060547
5970,512,91208,178.140625
5971,512,88958,173.746094
5972,512,88166,172.199219
5973,512,98167,191.732422
5974,512,120500,235.351562
5975,512,99292,193.929688
5976,512,93041,181.720703
5977,512,90042,175.863281
5978,512,91250,178.222656
5979,512,90875,177.490234
5980,512,89208,174.234375
5981,512,89542,174.886719
5982,512,87833,171.548828
5983,512,89000,173.828125
5984,512,95917,187.337891
5985,512,90375,176.513672
5986,512,87500,170.898438
5987,512,91292,178.304688
5988,512,90833,177.408203
5989,512,88459,172.771484
5990,512,90209,176.189453
5991,512,90875,177.490234
5992,512,89542,174.886719
5993,512,89000,173.828125
5994,512,87500,170.898438
5995,512,88333,172.525391
5996,512,90375,176.513672
5997,512,88667,173.177734
5998,512,90125,176.025391
5999,512,89542,174.886719
6000,512,91625,178.955078
6001,512,91292,178.304688
6002,512,88375,172.607422
6003,512,90584,176.921875
6004,512,92416,180.500000
6005,512,88000,171.875000
6006,512,87417,170.736328
6007,512,89958,175.699219
6008,512,87000,169.921875
6009,512,94583,184.732422
6010,512,93583,182.779297
6011,512,86208,168.375000
6012,512,88667,173.177734
6013,512,90500,176.757812
6014,512,88709,173.259766
6015,512,86750,169.433594
6016,512,88291,172.443359
6017,512,87792,171.468750
6018,512,88208,172.281250
6019,512,89792,175.375000
6020,512,89333,174.478516
6021,512,90334,176.433594
6022,512,86833,169.595703
6023,512,88958,173.746094
6024,512,89333,174.478516
6025,512,87625,171.142578
6026,512,88041,171.955078
6027,512,88959,173.748047
6028,512,89875,175.537109
6029,512,88917,173.666016
6030,512,88000,171.875000
6031,512,89333,174.478516
6032,512,86542,169.027344
6033,512,86750,169.433594
6034,512,89042,173.910156
6035,512,90958,177.652344
6036,512,88334,172.527344
6037,512,87541,170.978516
6038,512,86375,168.701172
6039,512,87000,169.921875
6040,512,85041,166.095703
6041,512,87334,170.574219
6042,512,86625,169.189453
6043,512,91166,178.058594
6044,512,88709,173.259766
6045,512,90125,176.025391
6046,512,87000,169.921875
6047,512,87916,171.710938
6048,512,87667,171.224609
6049,512,87834,171.550781
6050,512,86500,168.945312
6051,512,84709,165.447266
6052,512,87125,170.166016
6053,512,88917,173.666016
6054,512,91583,178.873047
6055,512,89459,174.724609
6056,512,98208,191.812500
6057,512,86917,169.759766
6058,512,89541,174.884766
6059,512,89208,174.234375
6060,512,86667,169.271484
6061,512,87625,171.142578
6062,512,87625,171.142578
6063,512,87834,171.550781
6064,512,88416,172.687500
6065,512,102709,200.603516
6066,512,106458,207.925781
6067,512,116833,228.189453
6068,512,87958,171.792969
6069,512,88750,173.339844
6070,512,86958,169.839844
6071,512,88875,173.583984
6072,512,86750,169.433594
6073,512,87417,170.736328
6074,512,87833,171.548828
6075,512,89292,174.398438
6076,512,89375,174.560547
6077,512,89334,174.480469
6078,512,87875,171.630859
6079,512,89042,173.910156
6080,512,87292,170.492188
6081,512,90375,176.513672
6082,512,89958,175.699219
6083,512,90541,176.837891
6084,512,89375,174.560547
6085,512,89458,174.722656
6086,512,86125,168.212891
6087,512,88208,172.281250
6088,512,89834,175.457031
6089,512,91125,177.978516
6090,512,89792,175.375000
6091,512,86916,169.757812
6092,512,88000,171.875000
6093,512,87792,171.468750
6094,512,88583,173.013672
6095,512,91000,177.734375
6096,512,107250,209.472656
6097,512,99125,193.603516
6098,512,88875,173.583984
6099,512,88916,173.664062
6100,512,104209,203.533203
6101,512,90375,176.513672
6102,512,96083,187.662109
6103,512,92042,179.769531
6104,512,90083,175.943359
6105,512,96333,188.150391
6106,512,90667,177.083984
6107,512,104875,204.833984
6108,512,94333,184.244141
6109,512,96208,187.906250
6110,512,100042,195.394531
6111,512,99583,194.498047
6112,512,101959,199.138672
6113,512,107833,210.611328
6114,512,101250,197.753906
6115,512,105292,205.648438
6116,512,105000,205.078125
6117,512,120959,236.248047
6118,512,97291,190.021484
6119,512,101917,199.056641
6120,512,124000,242.187500
6121,512,96209,187.908203
6122,512,101584,198.406250
6123,512,105583,206.216797
6124,512,109708,214.273438
6125,512,95292,186.117188
6126,512,95916,187.335938
6127,512,117417,229.330078
6128,512,95833,187.173828
6129,512,95875,187.255859
6130,512,94500,184.570312
6131,512,94125,183.837891
6132,512,95500,186.523438
6133,512,95542,186.605469
6134,512,99375,194.091797
6135,512,97083,189.615234
6136,512,96542,188.558594
6137,512,93083,181.802734
6138,512,92208,180.093750
6139,512,94833,185.220703
6140,512,94042,183.675781
6141,512,92291,180.255859
6142,512,94250,184.082031
6143,512,96084,187.664062
6144,512,110750,216.308594
6145,512,98833,193.033203
6146,512,92709,181.072266
6147,512,95000,185.546875
6148,512,93291,182.208984
6149,512,91625,178.955078
6150,512,92208,180.093750
6151,512,93792,183.187500
6152,512,91709,179.119141
6153,512,98208,191.812500
6154,512,119750,233.886719
6155,512,95125,185.791016
6156,512,91250,178.222656
6157,512,95958,187.417969
6158,512,91750,179.199219
6159,512,90458,176.675781
6160,512,93667,182.943359
6161,512,90583,176.919922
6162,512,87791,171.466797
6163,512,89375,174.560547
6164,512,92834,181.316406
6165,512,95458,186.441406
6166,512,92792,181.234375
6167,512,95416,186.359375
6168,512,91167,178.060547
6169,512,90666,177.082031
6170,512,90209,176.189453
6171,512,91041,177.814453
6172,512,92750,181.152344
6173,512,90125,176.025391
6174,512,90042,175.863281
6175,512,87708,171.304688
6176,512,90333,176.431641
6177,512,90542,176.839844
6178,512,90500,176.757812
6179,512,89375,174.560547
6180,512,88917,173.666016
6181,512,91125,177.978516
6182,512,90167,176.107422
6183,512,88459,172.771484
6184,512,88416,172.687500
6185,512,88417,172.689453
6186,512,89041,173.908203
6187,512,93084,181.804688
6188,512,91500,178.710938
6189,512,94250,184.082031
6190,512,90875,177.490234
6191,512,91125,177.978516
6192,512,89000,173.828125
6193,512,88959,173.748047
6194,512,90542,176.839844
6195,512,91375,178.466797
6196,512,90042,175.863281
6197,512,90167,176.107422
6198,512,86834,169.597656
6199,512,87666,171.222656
6200,512,90292,176.351562
6201,512,96875,189.208984
6202,512,86875,169.677734
6203,512,90792,177.328125
6204,512,85875,167.724609
6205,512,88416,172.687500
6206,512,87917,171.712891
6207,512,87583,171.060547
6208,512,90458,176.675781
6209,512,90500,176.757812
6210,512,88417,172.689453
6211,512,89708,175.210938
6212,512,90083,175.943359
6213,512,85708,167.398438
6214,512,89417,174.642578
6215,512,87542,170.980469
6216,512,87417,170.736328
6217,512,89292,174.398438
6218,512,88959,173.748047
6219,512,88459,172.771484
6220,512,88166,172.199219
6221,512,88500,172.851562
6222,512,88750,173.339844
6223,512,89291,174.396484
6224,512,91625,178.955078
6225,512,87792,171.468750
6226,512,87500,170.898438
6227,512,86458,168.863281
6228,512,89250,174.316406
6229,512,90625,177.001953
6230,512,88625,173.095703
6231,512,91500,178.710938
6232,512,87250,170.410156
6233,512,86833,169.595703
6234,512,86583,169.107422
6235,512,92084,179.851562
6236,512,90166,176.105469
6237,512,89209,174.236328
6238,512,90291,176.349609
6239,512,87250,170.410156
6240,512,89584,174.968750
6241,512,87292,170.492188
6242,512,87250,170.410156
6243,512,89333,174.478516
6244,512,90125,176.025391
6245,512,88875,173.583984
6246,512,112042,218.832031
6247,512,104000,203.125000
6248,512,86791,169.513672
6249,512,87084,170.085938
6250,512,86541,169.025391
6251,512,87625,171.142578
6252,512,88875,173.583984
6253,512,88500,172.851562
6254,512,87375,170.654297
6255,512,90166,176.105469
6256,512,86375,168.701172
6257,512,86500,168.945312
6258,512,86875,169.677734
6259,512,86125,168.212891
6260,512,84625,165.283203
6261,512,86250,168.457031
6262,512,86667,169.271484
6263,512,87542,170.980469
6264,512,86583,169.107422
6265,512,86875,169.677734
6266,512,88791,173.419922
6267,512,86917,169.759766
6268,512,86083,168.130859
6269,512,87958,171.792969
6270,512,86292,168.539062
6271,512,85708,167.398438
6272,512,99292,193.929688
6273,512,87333,170.572266
6274,512,91625,178.955078
6275,512,85250,166.503906
6276,512,86709,169.353516
6277,512,85542,167.074219
6278,512,85208,166.421875
6279,512,88542,172.933594
6280,512,85667,167.318359
6281,512,84166,164.386719
6282,512,92959,181.560547
6283,512,93708,183.023438
6284,512,110708,216.226562
6285,512,85084,166.179688
6286,512,88875,173.583984
6287,512,88667,173.177734
6288,512,86875,169.677734
6289,512,85041,166.095703
6290,512,87750,171.386719
6291,512,87584,171.062500
6292,512,88750,173.339844
6293,512,85417,166.830078
6294,512,87042,170.003906
6295,512,87708,171.304688
6296,512,90958,177.652344
6297,512,86334,168.621094
6298,512,87750,171.386719
6299,512,86834,169.597656
6300,512,85875,167.724609
6301,512,87083,170.083984
6302,512,85916,167.804688
6303,512,87042,170.003906
6304,512,87333,170.572266
6305,512,90542,176.839844
6306,512,88125,172.119141
6307,512,85917,167.806641
6308,512,85333,166.666016
6309,512,85917,167.806641
6310,512,86167,168.294922
6311,512,87583,171.060547
6312,512,86333,168.619141
6313,512,86792,169.515625
6314,512,95875,187.255859
6315,512,98625,192.626953
6316,512,86166,168.292969
6317,512,88709,173.259766
6318,512,87959,171.794922
6319,512,86959,169.841797
6320,512,87291,170.490234
6321,512,85834,167.644531
6322,512,86041,168.048828
6323,512,86292,168.539062
6324,512,85250,166.503906
6325,512,83459,163.005859
6326,512,87292,170.492188
6327,512,85500,166.992188
6328,512,88584,173.015625
6329,512,86709,169.353516
6330,512,94458,184.488281
6331,512,88500,172.851562
6332,512,86666,169.269531
6333,512,87917,171.712891
6334,512,84709,165.447266
6335,512,86458,168.863281
6336,512,87250,170.410156
6337,512,86625,169.189453
6338,512,86084,168.132812
6339,512,86083,168.130859
6340,512,106625,208.251953
6341,512,111750,218.261719
6342,512,86250,168.457031
6343,512,87792,171.468750
6344,512,83500,163.085938
6345,512,86834,169.597656
6346,512,87208,170.328125
6347,512,87125,170.166016
6348,512,84791,165.607422
6349,512,88458,172.769531
6350,512,87959,171.794922
6351,512,86584,169.109375
6352,512,86125,168.212891
6353,512,86125,168.212891
6354,512,87292,170.492188
6355,512,87250,170.410156
6356,512,84792,165.609375
6357,512,83791,163.654297
6358,512,85042,166.097656
6359,512,86083,168.130859
6360,512,85417,166.830078
6361,512,84959,165.935547
6362,512,87041,170.001953
6363,512,87292,170.492188
6364,512,89834,175.457031
6365,512,86375,168.701172
6366,512,85291,166.583984
6367,512,83792,163.656250
6368,512,82375,160.888672
6369,512,85166,166.339844
6370,512,87125,170.166016
6371,512,85041,166.095703
6372,512,84542,165.121094
6373,512,84833,165.689453
6374,512,84709,165.447266
6375,512,87250,170.410156
6376,512,83375,162.841797
6377,512,88000,171.875000
6378,512,89708,175.210938
6379,512,85083,166.177734
6380,512,87792,171.468750
6381,512,86167,168.294922
6382,512,84250,164.550781
6383,512,86958,169.839844
6384,512,88250,172.363281
6385,512,82250,160.644531
6386,512,84542,165.121094
6387,512,88166,172.199219
6388,512,85125,166.259766
6389,512,84625,165.283203
6390,512,85125,166.259766
6391,512,86959,169.841797
6392,512,85708,167.398438
6393,512,88500,172.851562
6394,512,85333,166.666016
6395,512,85208,166.421875
6396,512,84083,164.224609
6397,512,85209,166.423828
6398,512,85167,166.341797
6399,512,84458,164.957031
6400,512,81875,159.912109
6401,512,85292,166.585938
6402,512,85625,167.236328
6403,512,84084,164.226562
6404,512,85583,167.154297
6405,512,84625,165.283203
6406,512,85833,167.642578
6407,512,86958,169.839844
6408,512,85583,167.154297
6409,512,86917,169.759766
6410,512,83417,162.923828
6411,512,83958,163.980469
6412,512,87709,171.306641
6413,512,83291,162.677734
6414,512,85209,166.423828
6415,512,88125,172.119141
6416,512,95708,186.929688
6417,512,83291,162.677734
6418,512,85209,166.423828
6419,512,86584,169.109375
6420,512,84375,164.794922
6421,512,84833,165.689453
6422,512,84583,165.201172
6423,512,85750,167.480469
6424,512,84583,165.201172
6425,512,84500,165.039062
6426,512,92208,180.093750
6427,512,87000,169.921875
6428,512,85792,167.562500
6429,512,87791,171.466797
6430,512,83875,163.818359
6431,512,85500,166.992188
6432,512,84667,165.365234
6433,512,87125,170.166016
6434,512,85750,167.480469
6435,512,85917,167.806641
6436,512,88917,173.666016
6437,512,115500,225.585938
6438,512,97541,190.509766
6439,512,86625,169.189453
6440,512,86334,168.621094
6441,512,87208,170.328125
6442,512,85541,167.072266
6443,512,86875,169.677734
6444,512,86500,168.945312
6445,512,87125,170.166016
6446,512,85208,166.421875
6447,512,86459,168.865234
6448,512,87625,171.142578
6449,512,85375,166.748047
6450,512,86500,168.945312
6451,512,84083,164.224609
6452,512,84833,165.689453
6453,512,85959,167.888672
6454,512,84709,165.447266
6455,512,85292,166.585938
6456,512,93333,182.291016
6457,512,88125,172.119141
6458,512,86167,168.294922
6459,512,86250,168.457031
6460,512,85500,166.992188
6461,512,87334,170.574219
6462,512,86541,169.025391
6463,512,85417,166.830078
6464,512,85916,167.804688
6465,512,87875,171.630859
6466,512,89125,174.072266
6467,512,87916,171.710938
6468,512,108292,211.507812
6469,512,87792,171.468750
6470,512,86375,168.701172
6471,512,87666,171.222656
6472,512,98500,192.382812
6473,512,96208,187.906250
6474,512,89667,175.130859
6475,512,89875,175.537109
6476,512,87958,171.792969
6477,512,92291,180.255859
6478,512,92084,179.851562
6479,512,96833,189.126953
6480,512,94708,184.976562
6481,512,97875,191.162109
6482,512,97375,190.185547
6483,512,98167,191.732422
6484,512,96666,188.800781
6485,512,108209,211.345703
6486,512,106167,207.357422
6487,512,109041,212.970703
6488,512,108708,212.320312
6489,512,102708,200.601562
6490,512,94958,185.464844
6491,512,112417,219.564453
6492,512,110625,216.064453
6493,512,111542,217.855469
6494,512,109625,214.111328
6495,512,112042,218.832031
6496,512,97958,191.324219
6497,512,99625,194.580078
6498,512,115833,226.236328
6499,512,96000,187.500000
6500,512,90916,177.570312
6501,512,94542,184.652344
6502,512,93459,182.537109
6503,512,92250,180.175781
6504,512,92000,179.687500
6505,512,95167,185.873047
6506,512,94083,183.755859
6507,512,92833,181.314453
6508,512,92458,180.582031
6509,512,91917,179.525391
6510,512,92417,180.501953
6511,512,92833,181.314453
6512,512,91375,178.466797
6513,512,92166,180.011719
6514,512,94125,183.837891
6515,512,91959,179.607422
6516,512,102708,200.601562
6517,512,90500,176.757812
6518,512,89833,175.455078
6519,512,93833,183.267578
6520,512,89791,175.373047
6521,512,90292,176.351562
6522,512,95833,187.173828
6523,512,90625,177.001953
6524,512,88417,172.689453
6525,512,91042,177.816406
6526,512,117000,228.515625
6527,512,105500,206.054688
6528,512,90667,177.083984
6529,512,91042,177.816406
6530,512,91250,178.222656
6531,512,89167,174.154297
6532,512,93917,183.431641
6533,512,92042,179.769531
6534,512,91750,179.199219
6535,512,90291,176.349609
6536,512,93459,182.537109
6537,512,94416,184.406250
6538,512,89334,174.480469
6539,512,89708,175.210938
6540,512,91666,179.035156
6541,512,90667,177.083984
6542,512,90667,177.083984
6543,512,89834,175.457031
6544,512,90250,176.269531
6545,512,91000,177.734375
6546,512,90625,177.001953
6547,512,90792,177.328125
6548,512,91916,179.523438
6549,512,89875,175.537109
6550,512,87459,170.818359
6551,512,89583,174.966797
6552,512,86875,169.677734
6553,512,89042,173.910156
6554,512,89000,173.828125
6555,512,88791,173.419922
6556,512,89875,175.537109
6557,512,90042,175.863281
6558,512,90458,176.675781
6559,512,88750,173.339844
6560,512,89125,174.072266
6561,512,94458,184.488281
6562,512,88375,172.607422
6563,512,90041,175.861328
6564,512,90292,176.351562
6565,512,87583,171.060547
6566,512,88875,173.583984
6567,512,102791,200.763672
6568,512,94000,183.593750
6569,512,105375,205.810547
6570,512,89167,174.154297
6571,512,88500,172.851562
6572,512,88250,172.363281
6573,512,88875,173.583984
6574,512,92125,179.931641
6575,512,92750,181.152344
6576,512,87541,170.978516
6577,512,88667,173.177734
6578,512,87250,170.410156
6579,512,88791,173.419922
6580,512,89959,175.701172
6581,512,88583,173.013672
6582,512,86167,168.294922
6583,512,86958,169.839844
6584,512,88250,172.363281
6585,512,87250,170.410156
6586,512,88125,172.119141
6587,512,88292,172.445312
6588,512,89208,174.234375
6589,512,91167,178.060547
6590,512,85458,166.910156
6591,512,89000,173.828125
6592,512,88834,173.503906
6593,512,88291,172.443359
6594,512,84959,165.935547
6595,512,89416,174.640625
6596,512,86292,168.539062
6597,512,84958,165.933594
6598,512,89042,173.910156
6599,512,86000,167.968750
6600,512,87459,170.818359
6601,512,85666,167.316406
6602,512,88209,172.283203
6603,512,86084,168.132812
6604,512,89750,175.292969
6605,512,90209,176.189453
6606,512,88208,172.281250
6607,512,88083,172.037109
6608,512,92667,180.990234
6609,512,85000,166.015625
6610,512,85459,166.912109
6611,512,92541,180.744141
6612,512,100459,196.208984
6613,512,89250,174.316406
6614,512,85125,166.259766
6615,512,86417,168.783203
6616,512,85083,166.177734
6617,512,86125,168.212891
6618,512,103458,202.066406
6619,512,108875,212.646484
6620,512,96125,187.744141
6621,512,87500,170.898438
6622,512,90917,177.572266
6623,512,86500,168.945312
6624,512,84584,165.203125
6625,512,86500,168.945312
6626,512,86250,168.457031
6627,512,88292,172.445312
6628,512,84500,165.039062
6629,512,87083,170.083984
6630,512,84958,165.933594
6631,512,87709,171.306641
6632,512,86125,168.212891
6633,512,90917,177.572266
6634,512,86250,168.457031
6635,512,85333,166.666016
6636,512,84792,165.609375
6637,512,86250,168.457031
6638,512,86500,168.945312
6639,512,88250,172.363281
6640,512,86750,169.433594
6641,512,87166,170.246094
6642,512,85292,166.585938
6643,512,87041,170.001953
6644,512,86625,169.189453
6645,512,84667,165.365234
6646,512,86500,168.945312
6647,512,85416,166.828125
6648,512,86042,168.050781
6649,512,87666,171.222656
6650,512,82417,160.970703
6651,512,85333,166.666016
6652,512,85458,166.910156
6653,512,84292,164.632812
6654,512,85083,166.177734
6655,512,90708,177.164062
6656,512,88792,173.421875
6657,512,105208,205.484375
6658,512,90541,176.837891
6659,512,86750,169.433594
6660,512,85084,166.179688
6661,512,88458,172.769531
6662,512,87083,170.083984
6663,512,84417,164.876953
6664,512,86834,169.597656
6665,512,88500,172.851562
6666,512,85916,167.804688
6667,512,84875,165.771484
6668,512,86542,169.027344
6669,512,87000,169.921875
6670,512,84292,164.632812
6671,512,87291,170.490234
6672,512,87584,171.062500
6673,512,84833,165.689453
6674,512,84791,165.607422
6675,512,86459,168.865234
6676,512,85834,167.644531
6677,512,85000,166.015625
6678,512,90125,176.025391
6679,512,92125,179.931641
6680,512,90333,176.431641
6681,512,88959,173.748047
6682,512,90958,177.652344
6683,512,88875,173.583984
6684,512,88958,173.746094
6685,512,94459,184.490234
6686,512,91500,178.710938
6687,512,97916,191.242188
6688,512,88459,172.771484
6689,512,102166,199.542969
6690,512,87542,170.980469
6691,512,89625,175.048828
6692,512,89333,174.478516
6693,512,91500,178.710938
6694,512,90041,175.861328
6695,512,89375,174.560547
6696,512,87958,171.792969
6697,512,86667,169.271484
6698,512,85541,167.072266
6699,512,84458,164.957031
6700,512,86375,168.701172
6701,512,88000,171.875000
6702,512,95417,186.361328
6703,512,85208,166.421875
6704,512,86083,168.130859
6705,512,84250,164.550781
6706,512,86292,168.539062
6707,512,87042,170.003906
6708,512,85875,167.724609
6709,512,85916,167.804688
6710,512,87792,171.468750
6711,512,86583,169.107422
6712,512,91042,177.816406
6713,512,87875,171.630859
6714,512,84959,165.935547
6715,512,86625,169.189453
6716,512,90750,177.246094
6717,512,86083,168.130859
6718,512,85541,167.072266
6719,512,87750,171.386719
6720,512,85584,167.156250
6721,512,86708,169.351562
6722,512,86917,169.759766
6723,512,89416,174.640625
6724,512,87083,170.083984
6725,512,86750,169.433594
6726,512,90167,176.107422
6727,512,86833,169.595703
6728,512,84459,164.958984
6729,512,88625,173.095703
6730,512,88375,172.607422
6731,512,87959,171.794922
6732,512,85750,167.480469
6733,512,87583,171.060547
6734,512,88917,173.666016
6735,512,86250,168.457031
6736,512,85458,166.910156
6737,512,87916,171.710938
6738,512,85834,167.644531
6739,512,100250,195.800781
6740,512,89042,173.910156
6741,512,88250,172.363281
6742,512,86833,169.595703
6743,512,89500,174.804688
6744,512,89375,174.560547
6745,512,86041,168.048828
6746,512,86875,169.677734
6747,512,86959,169.841797
6748,512,88708,173.257812
6749,512,83917,163.900391
6750,512,93458,182.535156
6751,512,85041,166.095703
6752,512,89084,173.992188
6753,512,86250,168.457031
6754,512,86458,168.863281
6755,512,85875,167.724609
6756,512,87083,170.083984
6757,512,85500,166.992188
6758,512,87333,170.572266
6759,512,84958,165.933594
6760,512,86708,169.351562
6761,512,88209,172.283203
6762,512,91875,179.443359
6763,512,85542,167.074219
6764,512,85541,167.072266
6765,512,86125,168.212891
6766,512,85375,166.748047
6767,512,83625,163.330078
6768,512,84583,165.201172
6769,512,86417,168.783203
6770,512,84583,165.201172
6771,512,86166,168.292969
6772,512,86125,168.212891
6773,512,83084,162.273438
6774,512,87375,170.654297
6775,512,83917,163.900391
6776,512,85791,167.560547
6777,512,86000,167.968750
6778,512,85000,166.015625
6779,512,85250,166.503906
6780,512,83083,162.271484
6781,512,88459,172.771484
6782,512,86458,168.863281
6783,512,84875,165.771484
6784,512,88167,172.201172
6785,512,87125,170.166016
6786,512,86000,167.968750
6787,512,83250,162.597656
6788,512,84875,165.771484
6789,512,85833,167.642578
6790,512,84250,164.550781
6791,512,87209,170.330078
6792,512,86250,168.457031
6793,512,85792,167.562500
6794,512,88875,173.583984
6795,512,87958,171.792969
6796,512,86250,168.457031
6797,512,85417,166.830078
6798,512,93292,182.210938
6799,512,87000,169.921875
6800,512,84583,165.201172
6801,512,84417,164.876953
6802,512,86333,168.619141
6803,512,87208,170.328125
6804,512,85625,167.236328
6805,512,85875,167.724609
6806,512,87042,170.003906
6807,512,87208,170.328125
6808,512,85583,167.154297
6809,512,87167,170.248047
6810,512,85458,166.910156
6811,512,87167,170.248047
6812,512,88000,171.875000
6813,512,89167,174.154297
6814,512,85583,167.154297
6815,512,87708,171.304688
6816,512,87000,169.921875
6817,512,87625,171.142578
6818,512,86292,168.539062
6819,512,86667,169.271484
6820,512,87625,171.142578
6821,512,86041,168.048828
6822,512,86584,169.109375
6823,512,89416,174.640625
6824,512,87542,170.980469
6825,512,90792,177.328125
6826,512,88000,171.875000
6827,512,86792,169.515625
6828,512,87083,170.083984
6829,512,87792,171.468750
6830,512,86250,168.457031
6831,512,87042,170.003906
6832,512,110083,215.005859
6833,512,89292,174.398438
6834,512,87166,170.246094
6835,512,86084,168.132812
6836,512,97125,189.697266
6837,512,88542,172.933594
6838,512,87041,170.001953
6839,512,88542,172.933594
6840,512,86792,169.515625
6841,512,91333,178.384766
6842,512,90834,177.410156
6843,512,90291,176.349609
6844,512,90584,176.921875
6845,512,95833,187.173828
6846,512,89625,175.048828
6847,512,94167,183.919922
6848,512,89750,175.292969
6849,512,89459,174.724609
6850,512,90917,177.572266
6851,512,102000,199.218750
6852,512,94584,184.734375
6853,512,97291,190.021484
6854,512,94708,184.976562
6855,512,97917,191.244141
6856,512,96500,188.476562
6857,512,108125,211.181641
6858,512,104375,203.857422
6859,512,104000,203.125000
6860,512,108833,212.564453
6861,512,101250,197.753906
6862,512,92958,181.558594
6863,512,114667,223.958984
6864,512,99458,194.253906
6865,512,112833,220.376953
6866,512,105583,206.216797
6867,512,109959,214.763672
6868,512,93416,182.453125
6869,512,92375,180.419922
6870,512,104709,204.509766
6871,512,110916,216.632812
6872,512,92084,179.851562
6873,512,94000,183.593750
6874,512,90375,176.513672
6875,512,103500,202.148438
6876,512,96333,188.150391
6877,512,94042,183.675781
6878,512,92916,181.476562
6879,512,91625,178.955078
6880,512,90250,176.269531
6881,512,89666,175.128906
6882,512,90917,177.572266
6883,512,91958,179.605469
6884,512,89000,173.828125
6885,512,91625,178.955078
6886,512,91792,179.281250
6887,512,90416,176.593750
6888,512,101084,197.429688
6889,512,88625,173.095703
6890,512,90417,176.595703
6891,512,91750,179.199219
6892,512,95416,186.359375
6893,512,90875,177.490234
6894,512,91375,178.466797
6895,512,92541,180.744141
6896,512,89292,174.398438
6897,512,89541,174.884766
6898,512,89792,175.375000
6899,512,88667,173.177734
6900,512,89041,173.908203
6901,512,90667,177.083984
6902,512,90625,177.001953
6903,512,89667,175.130859
6904,512,89541,174.884766
6905,512,88667,173.177734
6906,512,87875,171.630859
6907,512,87375,170.654297
6908,512,87750,171.386719
6909,512,88000,171.875000
6910,512,91625,178.955078
6911,512,88667,173.177734
6912,512,89125,174.072266
6913,512,88083,172.037109
6914,512,89375,174.560547
6915,512,89250,174.316406
6916,512,90333,176.431641
6917,512,86625,169.189453
6918,512,89750,175.292969
6919,512,91250,178.222656
6920,512,91000,177.734375
6921,512,90542,176.839844
6922,512,88125,172.119141
6923,512,91292,178.304688
6924,512,87542,170.980469
6925,512,88000,171.875000
6926,512,87500,170.898438
6927,512,85791,167.560547
6928,512,89000,173.828125
6929,512,86375,168.701172
6930,512,86083,168.130859
6931,512,88625,173.095703
6932,512,88084,172.039062
6933,512,91625,178.955078
6934,512,87916,171.710938
6935,512,90709,177.166016
6936,512,91958,179.605469
6937,512,84292,164.632812
6938,512,88333,172.525391
6939,512,89375,174.560547
6940,512,87458,170.816406
6941,512,86958,169.839844
6942,512,86292,168.539062
6943,512,87667,171.224609
6944,512,89166,174.152344
6945,512,88750,173.339844
6946,512,87000,169.921875
6947,512,86667,169.271484
6948,512,91792,179.281250
6949,512,86834,169.597656
6950,512,86291,168.537109
6951,512,87875,171.630859
6952,512,88958,173.746094
6953,512,87042,170.003906
6954,512,85125,166.259766
6955,512,86875,169.677734
6956,512,86417,168.783203
6957,512,88584,173.015625
6958,512,89625,175.048828
6959,512,86417,168.783203
6960,512,86333,168.619141
6961,512,86958,169.839844
6962,512,85417,166.830078
6963,512,86459,168.865234
6964,512,86291,168.537109
6965,512,85125,166.259766
6966,512,85667,167.318359
6967,512,85667,167.318359
6968,512,86500,168.945312
6969,512,85667,167.318359
6970,512,84500,165.039062
6971,512,85875,167.724609
6972,512,85500,166.992188
6973,512,86791,169.513672
6974,512,85584,167.156250
6975,512,85209,166.423828
6976,512,85792,167.562500
6977,512,84250,164.550781
6978,512,85750,167.480469
6979,512,84916,165.851562
6980,512,85709,167.400391
6981,512,85750,167.480469
6982,512,86459,168.865234
6983,512,91875,179.443359
6984,512,87542,170.980469
6985,512,85167,166.341797
6986,512,89250,174.316406
6987,512,85875,167.724609
6988,512,86792,169.515625
6989,512,85791,167.560547
6990,512,86500,168.945312
6991,512,86083,168.130859
6992,512,86084,168.132812
6993,512,84583,165.201172
6994,512,88250,172.363281
6995,512,85208,166.421875
6996,512,83959,163.982422
6997,512,84708,165.445312
6998,512,86792,169.515625
6999,512,85541,167.072266
7000,512,85292,166.585938
7001,512,85167,166.341797
7002,512,82375,160.888672
7003,512,84958,165.933594
7004,512,85458,166.910156
7005,512,96250,187.988281
7006,512,88834,173.503906
7007,512,85250,166.503906
7008,512,84792,165.609375
7009,512,86625,169.189453
7010,512,83917,163.900391
7011,512,85208,166.421875
7012,512,85208,166.421875
7013,512,85833,167.642578
7014,512,87000,169.921875
7015,512,85875,167.724609
7016,512,85250,166.503906
7017,512,83458,163.003906
7018,512,86000,167.968750
7019,512,85583,167.154297
7020,512,86250,168.457031
7021,512,85542,167.074219
7022,512,87292,170.492188
7023,512,84208,164.468750
7024,512,84459,164.958984
7025,512,86041,168.048828
7026,512,86542,169.027344
7027,512,86875,169.677734
7028,512,85750,167.480469
7029,512,83208,162.515625
7030,512,85250,166.503906
7031,512,90917,177.572266
7032,512,92000,179.687500
7033,512,106458,207.925781
7034,512,90417,176.595703
7035,512,85541,167.072266
7036,512,86459,168.865234
7037,512,85292,166.585938
7038,512,90375,176.513672
7039,512,85417,166.830078
7040,512,85000,166.015625
7041,512,86125,168.212891
7042,512,86750,169.433594
7043,512,85084,166.179688
7044,512,84750,165.527344
7045,512,84959,165.935547
7046,512,86834,169.597656
7047,512,86166,168.292969
7048,512,84333,164.712891
7049,512,86834,169.597656
7050,512,84084,164.226562
7051,512,86042,168.050781
7052,512,101666,198.566406
7053,512,91208,178.140625
7054,512,86542,169.027344
7055,512,90042,175.863281
7056,512,85334,166.667969
7057,512,84500,165.039062
7058,512,85959,167.888672
7059,512,83958,163.980469
7060,512,82875,161.865234
7061,512,85791,167.560547
7062,512,86042,168.050781
7063,512,86584,169.109375
7064,512,91833,179.361328
7065,512,86750,169.433594
7066,512,86916,169.757812
7067,512,86292,168.539062
7068,512,86583,169.107422
7069,512,90959,177.654297
7070,512,86000,167.968750
7071,512,86208,168.375000
7072,512,86750,169.433594
7073,512,85875,167.724609
7074,512,87500,170.898438
7075,512,85917,167.806641
7076,512,87375,170.654297
7077,512,84125,164.306641
7078,512,85042,166.097656
7079,512,92292,180.257812
7080,512,84416,164.875000
7081,512,84917,165.853516
7082,512,85458,166.910156
7083,512,85750,167.480469
7084,512,87750,171.386719
7085,512,85833,167.642578
7086,512,87709,171.306641
7087,512,86416,168.781250
7088,512,87417,170.736328
7089,512,87625,171.142578
7090,512,87209,170.330078
7091,512,86041,168.048828
7092,512,88750,173.339844
7093,512,89417,174.642578
7094,512,89250,174.316406
7095,512,86875,169.677734
7096,512,86334,168.621094
7097,512,88958,173.746094
7098,512,89208,174.234375
7099,512,87084,170.085938
7100,512,87083,170.083984
7101,512,88958,173.746094
7102,512,85583,167.154297
7103,512,87292,170.492188
7104,512,87750,171.386719
7105,512,85875,167.724609
7106,512,86541,169.025391
7107,512,87500,170.898438
7108,512,88542,172.933594
7109,512,88292,172.445312
7110,512,85708,167.398438
7111,512,86292,168.539062
7112,512,86459,168.865234
7113,512,83917,163.900391
7114,512,87000,169.921875
7115,512,87375,170.654297
7116,512,87375,170.654297
7117,512,84417,164.876953
7118,512,89416,174.640625
7119,512,88792,173.421875
7120,512,85042,166.097656
7121,512,88292,172.445312
7122,512,86375,168.701172
7123,512,86167,168.294922
7124,512,88416,172.687500
7125,512,87584,171.062500
7126,512,87083,170.083984
7127,512,94000,183.593750
7128,512,86000,167.968750
7129,512,87334,170.574219
7130,512,87584,171.062500
7131,512,83458,163.003906
7132,512,86292,168.539062
7133,512,88208,172.281250
7134,512,87666,171.222656
7135,512,85584,167.156250
7136,512,84666,165.363281
7137,512,86084,168.132812
7138,512,85625,167.236328
7139,512,86792,169.515625
7140,512,86083,168.130859
7141,512,87583,171.060547
7142,512,100584,196.453125
7143,512,87625,171.142578
7144,512,86667,169.271484
7145,512,85958,167.886719
7146,512,85791,167.560547
7147,512,87667,171.224609
7148,512,86791,169.513672
7149,512,87167,170.248047
7150,512,84000,164.062500
7151,512,83792,163.656250
7152,512,83083,162.271484
7153,512,87000,169.921875
7154,512,87458,170.816406
7155,512,84417,164.876953
7156,512,85750,167.480469
7157,512,85709,167.400391
7158,512,85625,167.236328
7159,512,86500,168.945312
7160,512,83916,163.898438
7161,512,86792,169.515625
7162,512,84541,165.119141
7163,512,84209,164.470703
7164,512,85667,167.318359
7165,512,84208,164.468750
7166,512,87000,169.921875
7167,512,83750,163.574219
7168,512,82917,161.947266
7169,512,83500,163.085938
7170,512,84125,164.306641
7171,512,85333,166.666016
7172,512,83833,163.736328
7173,512,84167,164.388672
7174,512,86000,167.968750
7175,512,92708,181.070312
7176,512,84958,165.933594
7177,512,85417,166.830078
7178,512,88000,171.875000
7179,512,87750,171.386719
7180,512,86417,168.783203
7181,512,85625,167.236328
7182,512,81917,159.994141
7183,512,85250,166.503906
7184,512,84416,164.875000
7185,512,84709,165.447266
7186,512,85708,167.398438
7187,512,83833,163.736328
7188,512,86375,168.701172
7189,512,84083,164.224609
7190,512,83708,163.492188
7191,512,87125,170.166016
7192,512,87833,171.548828
7193,512,84958,165.933594
7194,512,84667,165.365234
7195,512,84458,164.957031
7196,512,84833,165.689453
7197,512,85708,167.398438
7198,512,85375,166.748047
7199,512,86125,168.212891
7200,512,85792,167.562500
7201,512,88709,173.259766
7202,512,87416,170.734375
7203,512,85834,167.644531
7204,512,90666,177.082031
7205,512,90500,176.757812
7206,512,87500,170.898438
7207,512,88083,172.037109
7208,512,87541,170.978516
7209,512,85083,166.177734
7210,512,89875,175.537109
7211,512,86458,168.863281
7212,512,87792,171.468750
7213,512,88416,172.687500
7214,512,85042,166.097656
7215,512,88375,172.607422
7216,512,96500,188.476562
7217,512,115333,225.259766
7218,512,104500,204.101562
7219,512,90250,176.269531
7220,512,158875,310.302734
7221,512,112166,219.074219
7222,512,106333,207.681641
7223,512,108000,210.937500
7224,512,112584,219.890625
7225,512,108041,211.017578
7226,512,110042,214.925781
7227,512,109875,214.599609
7228,512,106542,208.089844
7229,512,104875,204.833984
7230,512,106833,208.658203
7231,512,105250,205.566406
7232,512,107458,209.878906
7233,512,112416,219.562500
7234,512,110584,215.984375
7235,512,107500,209.960938
7236,512,117334,229.167969
7237,512,104041,203.205078
7238,512,108959,212.810547
7239,512,129209,252.361328
7240,512,111083,216.958984
7241,512,108375,211.669922
7242,512,117500,229.492188
7243,512,110250,215.332031
7244,512,99708,194.742188
7245,512,119625,233.642578
7246,512,101834,198.894531
7247,512,99000,193.359375
7248,512,100584,196.453125
7249,512,95833,187.173828
7250,512,95708,186.929688
7251,512,96375,188.232422
7252,512,99000,193.359375
7253,512,93709,183.025391
7254,512,92875,181.396484
7255,512,95417,186.361328
7256,512,96667,188.802734
7257,512,92833,181.314453
7258,512,94167,183.919922
7259,512,95291,186.115234
7260,512,97292,190.023438
7261,512,100584,196.453125
7262,512,95625,186.767578
7263,512,92750,181.152344
7264,512,95750,187.011719
7265,512,94709,184.978516
7266,512,97750,190.917969
7267,512,106916,208.820312
7268,512,94542,184.652344
7269,512,95292,186.117188
7270,512,91750,179.199219
7271,512,93458,182.535156
7272,512,92250,180.175781
7273,512,92000,179.687500
7274,512,93083,181.802734
7275,512,94292,184.164062
7276,512,92916,181.476562
7277,512,93125,181.884766
7278,512,93292,182.210938
7279,512,93500,182.617188
7280,512,92542,180.746094
7281,512,91792,179.281250
7282,512,91084,177.898438
7283,512,95208,185.953125
7284,512,91208,178.140625
7285,512,91292,178.304688
7286,512,91958,179.605469
7287,512,91417,178.548828
7288,512,92000,179.687500
7289,512,91833,179.361328
7290,512,93125,181.884766
7291,512,92000,179.687500
7292,512,93125,181.884766
7293,512,92333,180.337891
7294,512,93208,182.046875
7295,512,92333,180.337891
7296,512,95042,185.628906
7297,512,90833,177.408203
7298,512,91208,178.140625
7299,512,94000,183.593750
7300,512,91459,178.630859
7301,512,91958,179.605469
7302,512,91750,179.199219
7303,512,91083,177.896484
7304,512,93167,181.966797
7305,512,91917,179.525391
7306,512,101500,198.242188
7307,512,92708,181.070312
7308,512,91833,179.361328
7309,512,91375,178.466797
7310,512,91792,179.281250
7311,512,91833,179.361328
7312,512,93209,182.048828
7313,512,92625,180.908203
7314,512,93000,181.640625
7315,512,92334,180.339844
7316,512,89625,175.048828
7317,512,93084,181.804688
7318,512,91583,178.873047
7319,512,93125,181.884766
7320,512,89000,173.828125
7321,512,89875,175.537109
7322,512,92125,179.931641
7323,512,87417,170.736328
7324,512,90625,177.001953
7325,512,91834,179.363281
7326,512,93000,181.640625
7327,512,91083,177.896484
7328,512,87750,171.386719
7329,512,91625,178.955078
7330,512,92083,179.849609
7331,512,92875,181.396484
7332,512,92375,180.419922
7333,512,90583,176.919922
7334,512,92166,180.011719
7335,512,91292,178.304688
7336,512,90625,177.001953
7337,512,90666,177.082031
7338,512,92750,181.152344
7339,512,91541,178.791016
7340,512,90667,177.083984
7341,512,90958,177.652344
7342,512,90625,177.001953
7343,512,92250,180.175781
7344,512,90917,177.572266
7345,512,90625,177.001953
7346,512,90750,177.246094
7347,512,97125,189.697266
7348,512,91417,178.548828
7349,512,90708,177.164062
7350,512,90500,176.757812
7351,512,98000,191.406250
7352,512,90166,176.105469
7353,512,92500,180.664062
7354,512,91583,178.873047
7355,512,93500,182.617188
7356,512,89292,174.398438
7357,512,89792,175.375000
7358,512,91291,178.302734
7359,512,91500,178.710938
7360,512,90833,177.408203
7361,512,91916,179.523438
7362,512,90000,175.781250
7363,512,92125,179.931641
7364,512,89458,174.722656
7365,512,93459,182.537109
7366,512,89416,174.640625
7367,512,92167,180.013672
7368,512,91166,178.058594
7369,512,90125,176.025391
7370,512,90458,176.675781
7371,512,92792,181.234375
7372,512,92416,180.500000
7373,512,92584,180.828125
7374,512,90125,176.025391
7375,512,90541,176.837891
7376,512,91292,178.304688
7377,512,92042,179.769531
7378,512,89250,174.316406
7379,512,90792,177.328125
7380,512,89625,175.048828
7381,512,90125,176.025391
7382,512,90042,175.863281
7383,512,89083,173.990234
7384,512,89875,175.537109
7385,512,95458,186.441406
7386,512,89833,175.455078
7387,512,92958,181.558594
7388,512,90667,177.083984
7389,512,89625,175.048828
7390,512,90667,177.083984
7391,512,91208,178.140625
7392,512,88333,172.525391
7393,512,106792,208.578125
7394,512,107208,209.390625
7395,512,112542,219.808594
7396,512,121541,237.384766
7397,512,138750,270.996094
7398,512,121583,237.466797
7399,512,112875,220.458984
7400,512,109458,213.785156
7401,512,106542,208.089844
7402,512,119791,233.966797
7403,512,119833,234.048828
7404,512,117209,228.923828
7405,512,111666,218.097656
7406,512,97250,189.941406
7407,512,100333,195.962891
7408,512,97583,190.591797
7409,512,98042,191.488281
7410,512,112208,219.156250
7411,512,101792,198.812500
7412,512,104500,204.101562
7413,512,99417,194.173828
7414,512,97916,191.242188
7415,512,96084,187.664062
7416,512,98750,192.871094
7417,512,97541,190.509766
7418,512,96375,188.232422
7419,512,97917,191.244141
7420,512,98500,192.382812
7421,512,98042,191.488281
7422,512,98875,193.115234
7423,512,103916,202.960938
7424,512,100042,195.394531
7425,512,96125,187.744141
7426,512,98791,192.951172
7427,512,97292,190.023438
7428,512,101292,197.835938
7429,512,98583,192.544922
7430,512,103167,201.498047
7431,512,97458,190.347656
7432,512,100625,196.533203
7433,512,98583,192.544922
7434,512,97834,191.082031
7435,512,99583,194.498047
7436,512,109708,214.273438
7437,512,99709,194.744141
7438,512,98875,193.115234
7439,512,96542,188.558594
7440,512,97375,190.185547
7441,512,95875,187.255859
7442,512,103834,202.800781
7443,512,97416,190.265625
7444,512,96792,189.046875
7445,512,111000,216.796875
7446,512,123250,240.722656
7447,512,121125,236.572266
7448,512,105750,206.542969
7449,512,101459,198.162109
7450,512,101708,198.648438
7451,512,101083,197.427734
7452,512,98417,192.220703
7453,512,100250,195.800781
7454,512,102000,199.218750
7455,512,103000,201.171875
7456,512,104708,204.507812
7457,512,99417,194.173828
7458,512,93541,182.697266
7459,512,95792,187.093750
7460,512,95208,185.953125
7461,512,93542,182.699219
7462,512,94834,185.222656
7463,512,96166,187.824219
7464,512,93709,183.025391
7465,512,95459,186.443359
7466,512,94750,185.058594
7467,512,93500,182.617188
7468,512,93959,183.513672
7469,512,95000,185.546875
7470,512,95417,186.361328
7471,512,93958,183.511719
7472,512,96042,187.582031
7473,512,93375,182.373047
7474,512,94500,184.570312
7475,512,96042,187.582031
7476,512,94833,185.220703
7477,512,92500,180.664062
7478,512,99667,194.662109
7479,512,92333,180.337891
7480,512,93542,182.699219
7481,512,93541,182.697266
7482,512,92792,181.234375
7483,512,91916,179.523438
7484,512,91417,178.548828
7485,512,91042,177.816406
7486,512,94000,183.593750
7487,512,94625,184.814453
7488,512,92459,180.583984
7489,512,93875,183.349609
7490,512,91125,177.978516
7491,512,91000,177.734375
7492,512,92208,180.093750
7493,512,92708,181.070312
7494,512,90417,176.595703
7495,512,90875,177.490234
7496,512,90875,177.490234
7497,512,90708,177.164062
7498,512,97042,189.535156
7499,512,93250,182.128906
7500,512,89917,175.619141
7501,512,88333,172.525391
7502,512,90584,176.921875
7503,512,91875,179.443359
7504,512,91334,178.386719
7505,512,90667,177.083984
7506,512,89625,175.048828
7507,512,89875,175.537109
7508,512,90083,175.943359
7509,512,88292,172.445312
7510,512,92541,180.744141
7511,512,91667,179.037109
7512,512,88959,173.748047
7513,512,90750,177.246094
7514,512,89166,174.152344
7515,512,90000,175.781250
7516,512,90959,177.654297
7517,512,90542,176.839844
7518,512,89208,174.234375
7519,512,89875,175.537109
7520,512,89750,175.292969
7521,512,89959,175.701172
7522,512,91084,177.898438
7523,512,88750,173.339844
7524,512,94708,184.976562
7525,512,89083,173.990234
7526,512,88292,172.445312
7527,512,87916,171.710938
7528,512,89500,174.804688
7529,512,89083,173.990234
7530,512,91709,179.119141
7531,512,89875,175.537109
7532,512,86750,169.433594
7533,512,91916,179.523438
7534,512,115250,225.097656
7535,512,115292,225.179688
7536,512,93666,182.941406
7537,512,89292,174.398438
7538,512,87583,171.060547
7539,512,91208,178.140625
7540,512,89209,174.236328
7541,512,89125,174.072266
7542,512,89708,175.210938
7543,512,91208,178.140625
7544,512,92833,181.314453
7545,512,90750,177.246094
7546,512,88459,172.771484
7547,512,91125,177.978516
7548,512,89833,175.455078
7549,512,90750,177.246094
7550,512,92292,180.257812
7551,512,91125,177.978516
7552,512,93375,182.373047
7553,512,93000,181.640625
7554,512,88959,173.748047
7555,512,92875,181.396484
7556,512,90291,176.349609
7557,512,90417,176.595703
7558,512,91250,178.222656
7559,512,89958,175.699219
7560,512,88250,172.363281
7561,512,90208,176.187500
7562,512,90209,176.189453
7563,512,93208,182.046875
7564,512,91083,177.896484
7565,512,91417,178.548828
7566,512,91250,178.222656
7567,512,113167,221.029297
7568,512,94125,183.837891
7569,512,96250,187.988281
7570,512,89584,174.968750
7571,512,91500,178.710938
7572,512,89375,174.560547
7573,512,89375,174.560547
7574,512,95291,186.115234
7575,512,96792,189.046875
7576,512,94458,184.488281
7577,512,94125,183.837891
7578,512,101042,197.347656
7579,512,104666,204.425781
7580,512,100709,196.697266
7581,512,135541,264.728516
7582,512,103667,202.474609
7583,512,100458,196.207031
7584,512,99125,193.603516
7585,512,101000,197.265625
7586,512,137458,268.472656
7587,512,149958,292.886719
7588,512,115459,225.505859
7589,512,122541,239.337891
7590,512,115042,224.691406
7591,512,118708,231.851562
7592,512,107375,209.716797
7593,512,122666,239.582031
7594,512,106083,207.193359
7595,512,113625,221.923828
7596,512,117042,228.597656
7597,512,108083,211.099609
7598,512,102417,200.033203
7599,512,110000,214.843750
7600,512,111791,218.341797
7601,512,99125,193.603516
7602,512,103875,202.880859
7603,512,102458,200.113281
7604,512,101084,197.429688
7605,512,98416,192.218750
7606,512,100917,197.103516
7607,512,98625,192.626953
7608,512,105250,205.566406
7609,512,98250,191.894531
7610,512,101959,199.138672
7611,512,98416,192.218750
7612,512,99292,193.929688
7613,512,99083,193.521484
7614,512,98417,192.220703
7615,512,99916,195.148438
7616,512,97959,191.326172
7617,512,108125,211.181641
7618,512,111708,218.179688
7619,512,108959,212.810547
7620,512,98083,191.568359
7621,512,97458,190.347656
7622,512,93417,182.455078
7623,512,96375,188.232422
7624,512,95125,185.791016
7625,512,101750,198.730469
7626,512,95792,187.093750
7627,512,93083,181.802734
7628,512,94791,185.138672
7629,512,96750,188.964844
7630,512,94250,184.082031
7631,512,95292,186.117188
7632,512,94875,185.302734
7633,512,96666,188.800781
7634,512,94042,183.675781
7635,512,94666,184.894531
7636,512,90417,176.595703
7637,512,95209,185.955078
7638,512,97542,190.511719
7639,512,95292,186.117188
7640,512,96291,188.068359
7641,512,95000,185.546875
7642,512,93583,182.779297
7643,512,93500,182.617188
7644,512,94417,184.408203
7645,512,94541,184.650391
7646,512,92792,181.234375
7647,512,94000,183.593750
7648,512,96708,188.882812
7649,512,93167,181.966797
7650,512,94458,184.488281
7651,512,100959,197.185547
7652,512,92209,180.095703
7653,512,93250,182.128906
7654,512,92583,180.826172
7655,512,102833,200.845703
7656,512,93417,182.455078
7657,512,90750,177.246094
7658,512,93208,182.046875
7659,512,93083,181.802734
7660,512,90292,176.351562
7661,512,90875,177.490234
7662,512,92625,180.908203
7663,512,89250,174.316406
7664,512,90750,177.246094
7665,512,92834,181.316406
7666,512,95000,185.546875
7667,512,92792,181.234375
7668,512,91292,178.304688
7669,512,93083,181.802734
7670,512,91000,177.734375
7671,512,87959,171.794922
7672,512,89833,175.455078
7673,512,90292,176.351562
7674,512,89125,174.072266
7675,512,92750,181.152344
7676,512,93500,182.617188
7677,512,92667,180.990234
7678,512,89750,175.292969
7679,512,91625,178.955078
7680,512,91208,178.140625
7681,512,90625,177.001953
7682,512,89791,175.373047
7683,512,90375,176.513672
7684,512,90500,176.757812
7685,512,89291,174.396484
7686,512,89542,174.886719
7687,512,88291,172.443359
7688,512,90083,175.943359
7689,512,89709,175.212891
7690,512,90625,177.001953
7691,512,90750,177.246094
7692,512,89458,174.722656
7693,512,91750,179.199219
7694,512,89000,173.828125
7695,512,90167,176.107422
7696,512,90791,177.326172
7697,512,97209,189.861328
7698,512,89208,174.234375
7699,512,87750,171.386719
7700,512,87667,171.224609
7701,512,89000,173.828125
7702,512,91084,177.898438
7703,512,86625,169.189453
7704,512,87875,171.630859
7705,512,88500,172.851562
7706,512,89583,174.966797
7707,512,112166,219.074219
7708,512,108792,212.484375
7709,512,92750,181.152344
7710,512,89083,173.990234
7711,512,93583,182.779297
7712,512,89959,175.701172
7713,512,89333,174.478516
7714,512,88125,172.119141
7715,512,89875,175.537109
7716,512,93708,183.023438
7717,512,89750,175.292969
7718,512,89667,175.130859
7719,512,89917,175.619141
7720,512,92667,180.990234
7721,512,90333,176.431641
7722,512,89667,175.130859
7723,512,88041,171.955078
7724,512,89584,174.968750
7725,512,88750,173.339844
7726,512,87875,171.630859
7727,512,89417,174.642578
7728,512,89292,174.398438
7729,512,89083,173.990234
7730,512,87291,170.490234
7731,512,85750,167.480469
7732,512,86750,169.433594
7733,512,85667,167.318359
7734,512,88833,173.501953
7735,512,91875,179.443359
7736,512,87625,171.142578
7737,512,86500,168.945312
7738,512,88625,173.095703
7739,512,88958,173.746094
7740,512,88125,172.119141
7741,512,89334,174.480469
7742,512,88458,172.769531
7743,512,95458,186.441406
7744,512,91916,179.523438
7745,512,103792,202.718750
7746,512,85375,166.748047
7747,512,83916,163.898438
7748,512,87000,169.921875
7749,512,85584,167.156250
7750,512,89625,175.048828
7751,512,87583,171.060547
7752,512,87959,171.794922
7753,512,86792,169.515625
7754,512,87208,170.328125
7755,512,86125,168.212891
7756,512,94667,184.896484
7757,512,96416,188.312500
7758,512,90209,176.189453
7759,512,92958,181.558594
7760,512,91917,179.525391
7761,512,96625,188.720703
7762,512,94875,185.302734
7763,512,97000,189.453125
7764,512,90167,176.107422
7765,512,104042,203.207031
7766,512,88584,173.015625
7767,512,91375,178.466797
7768,512,89250,174.316406
7769,512,89125,174.072266
7770,512,90459,176.677734
7771,512,89541,174.884766
7772,512,89042,173.910156
7773,512,88792,173.421875
7774,512,87250,170.410156
7775,512,87625,171.142578
7776,512,88541,172.931641
7777,512,88417,172.689453
7778,512,89625,175.048828
7779,512,87667,171.224609
7780,512,91208,178.140625
7781,512,89333,174.478516
7782,512,86459,168.865234
7783,512,89708,175.210938
7784,512,87958,171.792969
7785,512,89292,174.398438
7786,512,100125,195.556641
7787,512,93334,182.292969
7788,512,88708,173.257812
7789,512,96292,188.070312
7790,512,89708,175.210938
7791,512,88667,173.177734
7792,512,88583,173.013672
7793,512,90000,175.781250
7794,512,89500,174.804688
7795,512,89541,174.884766
7796,512,86875,169.677734
7797,512,89208,174.234375
7798,512,92125,179.931641
7799,512,87917,171.712891
7800,512,89625,175.048828
7801,512,86833,169.595703
7802,512,89500,174.804688
7803,512,88333,172.525391
7804,512,89083,173.990234
7805,512,89458,174.722656
7806,512,87167,170.248047
7807,512,89916,175.617188
7808,512,87542,170.980469
7809,512,85958,167.886719
7810,512,86042,168.050781
7811,512,86000,167.968750
7812,512,87083,170.083984
7813,512,87417,170.736328
7814,512,87792,171.468750
7815,512,86958,169.839844
7816,512,87750,171.386719
7817,512,88833,173.501953
7818,512,85708,167.398438
7819,512,97875,191.162109
7820,512,86500,168.945312
7821,512,89125,174.072266
7822,512,89500,174.804688
7823,512,87875,171.630859
7824,512,87292,170.492188
7825,512,86834,169.597656
7826,512,85958,167.886719
7827,512,88291,172.443359
7828,512,85250,166.503906
7829,512,86667,169.271484
7830,512,87167,170.248047
7831,512,85333,166.666016
7832,512,86208,168.375000
7833,512,87958,171.792969
7834,512,87292,170.492188
7835,512,84208,164.468750
7836,512,91542,178.792969
7837,512,88500,172.851562
7838,512,85625,167.236328
7839,512,83708,163.492188
7840,512,92416,180.500000
7841,512,87959,171.794922
7842,512,88334,172.527344
7843,512,86833,169.595703
7844,512,85917,167.806641
7845,512,85500,166.992188
7846,512,86167,168.294922
7847,512,87125,170.166016
7848,512,86333,168.619141
7849,512,85417,166.830078
7850,512,87709,171.306641
7851,512,85084,166.179688
7852,512,89041,173.908203
7853,512,85459,166.912109
7854,512,85791,167.560547
7855,512,85000,166.015625
7856,512,86000,167.968750
7857,512,87625,171.142578
7858,512,85583,167.154297
7859,512,84750,165.527344
7860,512,84833,165.689453
7861,512,84209,164.470703
7862,512,84750,165.527344
7863,512,84666,165.363281
7864,512,85792,167.562500
7865,512,85875,167.724609
7866,512,85750,167.480469
7867,512,87416,170.734375
7868,512,87209,170.330078
7869,512,86041,168.048828
7870,512,83084,162.273438
7871,512,87083,170.083984
7872,512,85041,166.095703
7873,512,86125,168.212891
7874,512,86417,168.783203
7875,512,88541,172.931641
7876,512,90125,176.025391
7877,512,90208,176.187500
7878,512,85917,167.806641
7879,512,83958,163.980469
7880,512,85250,166.503906
7881,512,84375,164.794922
7882,512,86625,169.189453
7883,512,84625,165.283203
7884,512,92333,180.337891
7885,512,86209,168.376953
7886,512,87709,171.306641
7887,512,84250,164.550781
7888,512,84708,165.445312
7889,512,85750,167.480469
7890,512,82917,161.947266
7891,512,82417,160.970703
7892,512,83208,162.515625
7893,512,85583,167.154297
7894,512,84958,165.933594
7895,512,83209,162.517578
7896,512,84334,164.714844
7897,512,85125,166.259766
7898,512,85834,167.644531
7899,512,87333,170.572266
7900,512,84917,165.853516
7901,512,84625,165.283203
7902,512,86125,168.212891
7903,512,87834,171.550781
7904,512,86500,168.945312
7905,512,85750,167.480469
7906,512,87000,169.921875
7907,512,85166,166.339844
7908,512,85042,166.097656
7909,512,85833,167.642578
7910,512,84250,164.550781
7911,512,85125,166.259766
7912,512,85417,166.830078
7913,512,88333,172.525391
7914,512,85708,167.398438
7915,512,84250,164.550781
7916,512,86875,169.677734
7917,512,85250,166.503906
7918,512,85542,167.074219
7919,512,85250,166.503906
7920,512,86250,168.457031
7921,512,88375,172.607422
7922,512,101792,198.812500
7923,512,101666,198.566406
7924,512,88833,173.501953
7925,512,86959,169.841797
7926,512,112500,219.726562
7927,512,87291,170.490234
7928,512,86209,168.376953
7929,512,87458,170.816406
7930,512,85917,167.806641
7931,512,93375,182.373047
7932,512,97208,189.859375
7933,512,90375,176.513672
7934,512,91083,177.896484
7935,512,99334,194.011719
7936,512,88958,173.746094
7937,512,98250,191.894531
7938,512,92833,181.314453
7939,512,92542,180.746094
7940,512,94041,183.673828
7941,512,92375,180.419922
7942,512,97250,189.941406
7943,512,105542,206.136719
7944,512,101084,197.429688
7945,512,101583,198.404297
7946,512,101708,198.648438
7947,512,100292,195.882812
7948,512,95166,185.871094
7949,512,95458,186.441406
7950,512,120459,235.271484
7951,512,115041,224.689453
7952,512,114333,223.306641
7953,512,111917,218.587891
7954,512,119000,232.421875
7955,512,114583,223.794922
7956,512,144917,283.041016
7957,512,143042,279.378906
7958,512,104917,204.916016
7959,512,113083,220.865234
7960,512,117292,229.085938
7961,512,118583,231.607422
7962,512,106833,208.658203
7963,512,127208,248.453125
7964,512,108958,212.808594
7965,512,103459,202.068359
7966,512,104750,204.589844
7967,512,119000,232.421875
7968,512,121542,237.386719
7969,512,100125,195.556641
7970,512,102375,199.951172
7971,512,107625,210.205078
7972,512,100667,196.615234
7973,512,101333,197.916016
7974,512,102125,199.462891
7975,512,102917,201.009766
7976,512,102166,199.542969
7977,512,103792,202.718750
7978,512,101291,197.833984
7979,512,99250,193.847656
7980,512,99500,194.335938
7981,512,98709,192.791016
7982,512,98750,192.871094
7983,512,101250,197.753906
7984,512,97750,190.917969
7985,512,96084,187.664062
7986,512,99416,194.171875
7987,512,96500,188.476562
7988,512,96500,188.476562
7989,512,99417,194.173828
7990,512,100167,195.638672
7991,512,98083,191.568359
7992,512,97833,191.080078
7993,512,97000,189.453125
7994,512,91917,179.525391
7995,512,95625,186.767578
7996,512,97250,189.941406
7997,512,96750,188.964844
7998,512,98917,193.197266
7999,512,95167,185.873047
8000,512,95250,186.035156
8001,512,102333,199.869141
8002,512,94959,185.466797
8003,512,95291,186.115234
8004,512,92750,181.152344
8005,512,94292,184.164062
8006,512,93334,182.292969
8007,512,93834,183.269531
8008,512,94833,185.220703
8009,512,92500,180.664062
8010,512,97042,189.535156
8011,512,96458,188.394531
8012,512,96333,188.150391
8013,512,97000,189.453125
8014,512,98875,193.115234
8015,512,90709,177.166016
8016,512,95708,186.929688
8017,512,90042,175.863281
8018,512,94167,183.919922
8019,512,95416,186.359375
8020,512,91000,177.734375
8021,512,92750,181.152344
8022,512,91125,177.978516
8023,512,92042,179.769531
8024,512,91834,179.363281
8025,512,90791,177.326172
8026,512,89750,175.292969
8027,512,91833,179.361328
8028,512,89167,174.154297
8029,512,91500,178.710938
8030,512,93125,181.884766
8031,512,90167,176.107422
8032,512,90292,176.351562
8033,512,98375,192.138672
8034,512,91875,179.443359
8035,512,88792,173.421875
8036,512,88541,172.931641
8037,512,89083,173.990234
8038,512,88584,173.015625
8039,512,90291,176.349609
8040,512,89500,174.804688
8041,512,89084,173.992188
8042,512,94250,184.082031
8043,512,91042,177.816406
8044,512,89042,173.910156
8045,512,89042,173.910156
8046,512,90458,176.675781
8047,512,90500,176.757812
8048,512,91125,177.978516
8049,512,88292,172.445312
8050,512,86708,169.351562
8051,512,91667,179.037109
8052,512,87916,171.710938
8053,512,91458,178.628906
8054,512,91542,178.792969
8055,512,88875,173.583984
8056,512,89708,175.210938
8057,512,89042,173.910156
8058,512,88417,172.689453
8059,512,91250,178.222656
8060,512,97209,189.861328
8061,512,90000,175.781250
8062,512,91791,179.279297
8063,512,91792,179.281250
8064,512,87875,171.630859
8065,512,90041,175.861328
8066,512,86375,168.701172
8067,512,87792,171.468750
8068,512,89708,175.210938
8069,512,87625,171.142578
8070,512,90292,176.351562
8071,512,88250,172.363281
8072,512,90292,176.351562
8073,512,90916,177.570312
8074,512,87792,171.468750
8075,512,89083,173.990234
8076,512,88125,172.119141
8077,512,88542,172.933594
8078,512,89791,175.373047
8079,512,89208,174.234375
8080,512,87250,170.410156
8081,512,87459,170.818359
8082,512,90541,176.837891
8083,512,88167,172.201172
8084,512,87583,171.060547
8085,512,89208,174.234375
8086,512,89750,175.292969
8087,512,85916,167.804688
8088,512,92000,179.687500
8089,512,90750,177.246094
8090,512,89292,174.398438
8091,512,87709,171.306641
8092,512,97584,190.593750
8093,512,88000,171.875000
8094,512,89583,174.966797
8095,512,87500,170.898438
8096,512,90000,175.781250
8097,512,85916,167.804688
8098,512,87584,171.062500
8099,512,88042,171.957031
8100,512,85708,167.398438
8101,512,87375,170.654297
8102,512,89375,174.560547
8103,512,91416,178.546875
8104,512,84875,165.771484
8105,512,85250,166.503906
8106,512,96917,189.291016
8107,512,96375,188.232422
8108,512,103583,202.310547
8109,512,87750,171.386719
8110,512,86791,169.513672
8111,512,86834,169.597656
8112,512,88875,173.583984
8113,512,86292,168.539062
8114,512,87167,170.248047
8115,512,89917,175.619141
8116,512,101916,199.054688
8117,512,93375,182.373047
8118,512,86417,168.783203
8119,512,87750,171.386719
8120,512,87333,170.572266
8121,512,90125,176.025391
8122,512,87917,171.712891
8123,512,87333,170.572266
8124,512,87791,171.466797
8125,512,88459,172.771484
8126,512,86959,169.841797
8127,512,88958,173.746094
8128,512,86458,168.863281
8129,512,84334,164.714844
8130,512,92625,180.908203
8131,512,86416,168.781250
8132,512,86667,169.271484
8133,512,85583,167.154297
8134,512,86959,169.841797
8135,512,88083,172.037109
8136,512,89541,174.884766
8137,512,99625,194.580078
8138,512,88375,172.607422
8139,512,85833,167.642578
8140,512,84125,164.306641
8141,512,90333,176.431641
8142,512,87542,170.980469
8143,512,86583,169.107422
8144,512,84458,164.957031
8145,512,88000,171.875000
8146,512,85541,167.072266
8147,512,87125,170.166016
8148,512,85834,167.644531
8149,512,86166,168.292969
8150,512,87834,171.550781
8151,512,86333,168.619141
8152,512,87166,170.246094
8153,512,93750,183.105469
8154,512,87042,170.003906
8155,512,88875,173.583984
8156,512,89583,174.966797
8157,512,87084,170.085938
8158,512,88000,171.875000
8159,512,87125,170.166016
8160,512,87625,171.142578
8161,512,88416,172.687500
8162,512,86750,169.433594
8163,512,89584,174.968750
8164,512,87375,170.654297
8165,512,87625,171.142578
8166,512,87042,170.003906
8167,512,90667,177.083984
8168,512,87417,170.736328
8169,512,88167,172.201172
8170,512,87583,171.060547
8171,512,88208,172.281250
8172,512,87959,171.794922
8173,512,89000,173.828125
8174,512,86416,168.781250
8175,512,95792,187.093750
8176,512,91958,179.605469
8177,512,87584,171.062500
8178,512,86541,169.025391
8179,512,88292,172.445312
8180,512,86666,169.269531
8181,512,87584,171.062500
8182,512,88416,172.687500
8183,512,87625,171.142578
8184,512,88750,173.339844
8185,512,86542,169.027344
8186,512,87958,171.792969
8187,512,88458,172.769531
8188,512,88625,173.095703
8189,512,87834,171.550781
8190,512,87375,170.654297
8191,512,86459,168.865234
8192,512,87416,170.734375
8193,512,84958,165.933594
8194,512,87875,171.630859
8195,512,85125,166.259766
8196,512,87000,169.921875
8197,512,86917,169.759766
8198,512,87500,170.898438
8199,512,84291,164.630859
8200,512,94167,183.919922
8201,512,86917,169.759766
8202,512,87666,171.222656
8203,512,86375,168.701172
8204,512,88500,172.851562
8205,512,88667,173.177734
8206,512,85416,166.828125
8207,512,86750,169.433594
8208,512,88458,172.769531
8209,512,86542,169.027344
8210,512,87542,170.980469
8211,512,87916,171.710938
8212,512,89792,175.375000
8213,512,86500,168.945312
8214,512,88875,173.583984
8215,512,87375,170.654297
8216,512,88792,173.421875
8217,512,87167,170.248047
8218,512,88791,173.419922
8219,512,90667,177.083984
8220,512,89416,174.640625
8221,512,88500,172.851562
8222,512,88458,172.769531
8223,512,88750,173.339844
8224,512,90083,175.943359
8225,512,86708,169.351562
8226,512,88292,172.445312
8227,512,88417,172.689453
8228,512,86208,168.375000
8229,512,86792,169.515625
8230,512,88708,173.257812
8231,512,85084,166.179688
8232,512,87583,171.060547
8233,512,88500,172.851562
8234,512,86958,169.839844
8235,512,87708,171.304688
8236,512,87834,171.550781
8237,512,89041,173.908203
8238,512,86750,169.433594
8239,512,87291,170.490234
8240,512,89542,174.886719
8241,512,86541,169.025391
8242,512,85000,166.015625
8243,512,86417,168.783203
8244,512,85500,166.992188
8245,512,88542,172.933594
8246,512,85916,167.804688
8247,512,88292,172.445312
8248,512,94000,183.593750
8249,512,88250,172.363281
8250,512,88709,173.259766
8251,512,88459,172.771484
8252,512,87167,170.248047
8253,512,86541,169.025391
8254,512,85792,167.562500
8255,512,89083,173.990234
8256,512,94750,185.058594
8257,512,85709,167.400391
8258,512,89792,175.375000
8259,512,89708,175.210938
8260,512,89583,174.966797
8261,512,88459,172.771484
8262,512,87583,171.060547
8263,512,89042,173.910156
8264,512,87916,171.710938
8265,512,87292,170.492188
8266,512,86792,169.515625
8267,512,89792,175.375000
8268,512,91625,178.955078
8269,512,87958,171.792969
8270,512,87917,171.712891
8271,512,89375,174.560547
8272,512,89791,175.373047
8273,512,90084,175.945312
8274,512,90708,177.164062
8275,512,89458,174.722656
8276,512,89208,174.234375
8277,512,88208,172.281250
8278,512,90208,176.187500
8279,512,101333,197.916016
8280,512,143334,279.949219
8281,512,123166,240.558594
8282,512,105750,206.542969
8283,512,99917,195.150391
8284,512,99208,193.765625
8285,512,98417,192.220703
8286,512,98917,193.197266
8287,512,101458,198.160156
8288,512,99875,195.068359
8289,512,99542,194.417969
8290,512,115208,225.015625
8291,512,97667,190.755859
8292,512,106500,208.007812
8293,512,96583,188.638672
8294,512,95792,187.093750
8295,512,102709,200.603516
8296,512,97875,191.162109
8297,512,106167,207.357422
8298,512,100750,196.777344
8299,512,106459,207.927734
8300,512,106916,208.820312
8301,512,102208,199.625000
8302,512,105625,206.298828
8303,512,109750,214.355469
8304,512,113292,221.273438
8305,512,110000,214.843750
8306,512,107583,210.123047
8307,512,116583,227.701172
8308,512,101083,197.427734
8309,512,119583,233.560547
8310,512,101917,199.056641
8311,512,107250,209.472656
8312,512,115000,224.609375
8313,512,105417,205.892578
8314,512,97041,189.533203
8315,512,94250,184.082031
8316,512,114833,224.283203
8317,512,101834,198.894531
8318,512,94916,185.382812
8319,512,94917,185.384766
8320,512,93916,183.429688
8321,512,97917,191.244141
8322,512,95375,186.279297
8323,512,95750,187.011719
8324,512,106875,208.740234
8325,512,93875,183.349609
8326,512,92583,180.826172
8327,512,92375,180.419922
8328,512,94083,183.755859
8329,512,93208,182.046875
8330,512,92458,180.582031
8331,512,94958,185.464844
8332,512,94584,184.734375
8333,512,97541,190.509766
8334,512,93084,181.804688
8335,512,91750,179.199219
8336,512,91333,178.384766
8337,512,94542,184.652344
8338,512,93916,183.429688
8339,512,92750,181.152344
8340,512,89792,175.375000
8341,512,91833,179.361328
8342,512,93875,183.349609
8343,512,90000,175.781250
8344,512,91083,177.896484
8345,512,94458,184.488281
8346,512,93875,183.349609
8347,512,90958,177.652344
8348,512,95834,187.175781
8349,512,89208,174.234375
8350,512,88375,172.607422
8351,512,89917,175.619141
8352,512,91416,178.546875
8353,512,88750,173.339844
8354,512,88583,173.013672
8355,512,90417,176.595703
8356,512,88166,172.199219
8357,512,92209,180.095703
8358,512,91167,178.060547
8359,512,93542,182.699219
8360,512,94583,184.732422
8361,512,90833,177.408203
8362,512,96584,188.640625
8363,512,90083,175.943359
8364,512,92458,180.582031
8365,512,88292,172.445312
8366,512,90542,176.839844
8367,512,90208,176.187500
8368,512,91750,179.199219
8369,512,89583,174.966797
8370,512,88959,173.748047
8371,512,88791,173.419922
8372,512,88583,173.013672
8373,512,88500,172.851562
8374,512,94209,184.001953
8375,512,91834,179.363281
8376,512,92959,181.560547
8377,512,89041,173.908203
8378,512,94292,184.164062
8379,512,98000,191.406250
8380,512,90125,176.025391
8381,512,88000,171.875000
8382,512,87125,170.166016
8383,512,93083,181.802734
8384,512,89584,174.968750
8385,512,87625,171.142578
8386,512,88959,173.748047
8387,512,91708,179.117188
8388,512,95000,185.546875
8389,512,88208,172.281250
8390,512,86750,169.433594
8391,512,85042,166.097656
8392,512,91417,178.548828
8393,512,87333,170.572266
8394,512,89500,174.804688
8395,512,88583,173.013672
8396,512,87292,170.492188
8397,512,87792,171.468750
8398,512,87166,170.246094
8399,512,88000,171.875000
8400,512,87375,170.654297
8401,512,86250,168.457031
8402,512,87500,170.898438
8403,512,87583,171.060547
8404,512,88167,172.201172
8405,512,86125,168.212891
8406,512,88500,172.851562
8407,512,85042,166.097656
8408,512,87375,170.654297
8409,512,86625,169.189453
8410,512,87625,171.142578
8411,512,87375,170.654297
8412,512,86542,169.027344
8413,512,87333,170.572266
8414,512,89375,174.560547
8415,512,86375,168.701172
8416,512,87833,171.548828
8417,512,87459,170.818359
8418,512,87500,170.898438
8419,512,88083,172.037109
8420,512,85958,167.886719
8421,512,87708,171.304688
8422,512,87167,170.248047
8423,512,89125,174.072266
8424,512,87208,170.328125
8425,512,86333,168.619141
8426,512,89958,175.699219
8427,512,87250,170.410156
8428,512,85000,166.015625
8429,512,86125,168.212891
8430,512,87667,171.224609
8431,512,87125,170.166016
8432,512,84375,164.794922
8433,512,90792,177.328125
8434,512,86958,169.839844
8435,512,86792,169.515625
8436,512,86000,167.968750
8437,512,86083,168.130859
8438,512,87542,170.980469
8439,512,83166,162.433594
8440,512,85250,166.503906
8441,512,86542,169.027344
8442,512,87291,170.490234
8443,512,86333,168.619141
8444,512,86209,168.376953
8445,512,84959,165.935547
8446,512,86209,168.376953
8447,512,86458,168.863281
8448,512,86833,169.595703
8449,512,87208,170.328125
8450,512,86625,169.189453
8451,512,86959,169.841797
8452,512,87917,171.712891
8453,512,85916,167.804688
8454,512,86167,168.294922
8455,512,90583,176.919922
8456,512,86416,168.781250
8457,512,86042,168.050781
8458,512,83833,163.736328
8459,512,84792,165.609375
8460,512,81166,158.527344
8461,512,86834,169.597656
8462,512,85542,167.074219
8463,512,91375,178.466797
8464,512,86292,168.539062
8465,512,86541,169.025391
8466,512,85250,166.503906
8467,512,85417,166.830078
8468,512,85917,167.806641
8469,512,83334,162.761719
8470,512,85584,167.156250
8471,512,82333,160.806641
8472,512,84667,165.365234
8473,512,86125,168.212891
8474,512,96291,188.068359
8475,512,96459,188.396484
8476,512,111500,217.773438
8477,512,87584,171.062500
8478,512,84583,165.201172
8479,512,88042,171.957031
8480,512,96250,187.988281
8481,512,94709,184.978516
8482,512,84250,164.550781
8483,512,85750,167.480469
8484,512,85791,167.560547
8485,512,86292,168.539062
8486,512,86208,168.375000
8487,512,85875,167.724609
8488,512,88542,172.933594
8489,512,86292,168.539062
8490,512,87500,170.898438
8491,512,86958,169.839844
8492,512,92792,181.234375
8493,512,84250,164.550781
8494,512,83958,163.980469
8495,512,85041,166.095703
8496,512,87417,170.736328
8497,512,86458,168.863281
8498,512,85209,166.423828
8499,512,86125,168.212891
8500,512,88125,172.119141
8501,512,85625,167.236328
8502,512,87708,171.304688
8503,512,84458,164.957031
8504,512,85458,166.910156
8505,512,88084,172.039062
8506,512,86250,168.457031
8507,512,87084,170.085938
8508,512,84833,165.689453
8509,512,85708,167.398438
8510,512,84542,165.121094
8511,512,87208,170.328125
8512,512,86250,168.457031
8513,512,85792,167.562500
8514,512,86875,169.677734
8515,512,86959,169.841797
8516,512,85291,166.583984
8517,512,83250,162.597656
8518,512,85709,167.400391
8519,512,88459,172.771484
8520,512,84166,164.386719
8521,512,86833,169.595703
8522,512,89334,174.480469
8523,512,84500,165.039062
8524,512,84709,165.447266
8525,512,87834,171.550781
8526,512,90166,176.105469
8527,512,85834,167.644531
8528,512,87250,170.410156
8529,512,84750,165.527344
8530,512,83916,163.898438
8531,512,83500,163.085938
8532,512,84542,165.121094
8533,512,89166,174.152344
8534,512,84875,165.771484
8535,512,84750,165.527344
8536,512,86500,168.945312
8537,512,85334,166.667969
8538,512,84625,165.283203
8539,512,82916,161.945312
8540,512,84459,164.958984
8541,512,85708,167.398438
8542,512,85625,167.236328
8543,512,84750,165.527344
8544,512,84833,165.689453
8545,512,85875,167.724609
8546,512,86292,168.539062
8547,512,86000,167.968750
8548,512,85333,166.666016
8549,512,84458,164.957031
8550,512,84084,164.226562
8551,512,84750,165.527344
8552,512,84500,165.039062
8553,512,85709,167.400391
8554,512,84292,164.632812
8555,512,93708,183.023438
8556,512,84291,164.630859
8557,512,85000,166.015625
8558,512,86583,169.107422
8559,512,85417,166.830078
8560,512,85250,166.503906
8561,512,86125,168.212891
8562,512,83500,163.085938
8563,512,85417,166.830078
8564,512,85625,167.236328
8565,512,85125,166.259766
8566,512,83417,162.923828
8567,512,85375,166.748047
8568,512,84750,165.527344
8569,512,84042,164.144531
8570,512,90250,176.269531
8571,512,86000,167.968750
8572,512,84875,165.771484
8573,512,84708,165.445312
8574,512,82375,160.888672
8575,512,82250,160.644531
8576,512,84875,165.771484
8577,512,84625,165.283203
8578,512,84583,165.201172
8579,512,84625,165.283203
8580,512,85583,167.154297
8581,512,86959,169.841797
8582,512,83625,163.330078
8583,512,83000,162.109375
8584,512,82333,160.806641
8585,512,82583,161.294922
8586,512,84792,165.609375
8587,512,88500,172.851562
8588,512,82208,160.562500
8589,512,83375,162.841797
8590,512,85750,167.480469
8591,512,82458,161.050781
8592,512,84875,165.771484
8593,512,89625,175.048828
8594,512,85458,166.910156
8595,512,83125,162.353516
8596,512,83291,162.677734
8597,512,84209,164.470703
8598,512,85541,167.072266
8599,512,84125,164.306641
8600,512,83917,163.900391
8601,512,85333,166.666016
8602,512,83792,163.656250
8603,512,84917,165.853516
8604,512,85916,167.804688
8605,512,83083,162.271484
8606,512,84084,164.226562
8607,512,83834,163.738281
8608,512,84792,165.609375
8609,512,85500,166.992188
8610,512,85083,166.177734
8611,512,80416,157.062500
8612,512,82750,161.621094
8613,512,86834,169.597656
8614,512,82666,161.457031
8615,512,82834,161.785156
8616,512,87459,170.818359
8617,512,86209,168.376953
8618,512,85083,166.177734
8619,512,87083,170.083984
8620,512,86083,168.130859
8621,512,83625,163.330078
8622,512,84750,165.527344
8623,512,84375,164.794922
8624,512,84459,164.958984
8625,512,86875,169.677734
8626,512,85666,167.316406
8627,512,84875,165.771484
8628,512,84084,164.226562
8629,512,83291,162.677734
8630,512,85459,166.912109
8631,512,85916,167.804688
8632,512,84792,165.609375
8633,512,86625,169.189453
8634,512,82041,160.236328
8635,512,83000,162.109375
8636,512,85125,166.259766
8637,512,84125,164.306641
8638,512,84875,165.771484
8639,512,84459,164.958984
8640,512,85541,167.072266
8641,512,84167,164.388672
8642,512,85125,166.259766
8643,512,82750,161.621094
8644,512,83500,163.085938
8645,512,84958,165.933594
8646,512,84917,165.853516
8647,512,83333,162.759766
8648,512,82375,160.888672
8649,512,83334,162.761719
8650,512,83584,163.250000
8651,512,85791,167.560547
8652,512,84459,164.958984
8653,512,84333,164.712891
8654,512,85083,166.177734
8655,512,86083,168.130859
8656,512,86750,169.433594
8657,512,86625,169.189453
8658,512,85083,166.177734
8659,512,85584,167.156250
8660,512,87167,170.248047
8661,512,87958,171.792969
8662,512,86459,168.865234
8663,512,88708,173.257812
8664,512,87625,171.142578
8665,512,86750,169.433594
8666,512,88083,172.037109
8667,512,97708,190.835938
8668,512,112416,219.562500
8669,512,88375,172.607422
8670,512,86791,169.513672
8671,512,89834,175.457031
8672,512,90917,177.572266
8673,512,91541,178.791016
8674,512,99042,193.441406
8675,512,95750,187.011719
8676,512,94709,184.978516
8677,512,107750,210.449219
8678,512,101125,197.509766
8679,512,123458,241.128906
8680,512,124250,242.675781
8681,512,100750,196.777344
8682,512,102125,199.462891
8683,512,112625,219.970703
8684,512,110250,215.332031
8685,512,157375,307.373047
8686,512,152459,297.771484
8687,512,113166,221.027344
8688,512,125500,245.117188
8689,512,116500,227.539062
8690,512,120542,235.433594
8691,512,125416,244.953125
8692,512,119334,233.074219
8693,512,110708,216.226562
8694,512,107166,209.308594
8695,512,105459,205.974609
8696,512,109084,213.054688
8697,512,104375,203.857422
8698,512,107291,209.552734
8699,512,106083,207.193359
8700,512,107709,210.369141
8701,512,102667,200.521484
8702,512,102792,200.765625
8703,512,103583,202.310547
8704,512,102708,200.601562
8705,512,104584,204.265625
8706,512,105625,206.298828
8707,512,103042,201.253906
8708,512,103917,202.962891
8709,512,104166,203.449219
8710,512,103959,203.044922
8711,512,105666,206.378906
8712,512,102417,200.033203
8713,512,98000,191.406250
8714,512,101000,197.265625
8715,512,101000,197.265625
8716,512,100458,196.207031
8717,512,101750,198.730469
8718,512,113042,220.785156
8719,512,101709,198.650391
8720,512,102042,199.300781
8721,512,101291,197.833984
8722,512,103000,201.171875
8723,512,98167,191.732422
8724,512,98666,192.707031
8725,512,103292,201.742188
8726,512,98625,192.626953
8727,512,101458,198.160156
8728,512,99292,193.929688
8729,512,100625,196.533203
8730,512,99542,194.417969
8731,512,95417,186.361328
8732,512,100500,196.289062
8733,512,100584,196.453125
8734,512,99917,195.150391
8735,512,100000,195.312500
8736,512,95875,187.255859
8737,512,96500,188.476562
8738,512,96583,188.638672
8739,512,94750,185.058594
8740,512,97375,190.185547
8741,512,97958,191.324219
8742,512,95250,186.035156
8743,512,93584,182.781250
8744,512,95000,185.546875
8745,512,97041,189.533203
8746,512,95833,187.173828
8747,512,96042,187.582031
8748,512,104208,203.531250
8749,512,94375,184.326172
8750,512,97875,191.162109
8751,512,97750,190.917969
8752,512,99000,193.359375
8753,512,96625,188.720703
8754,512,94208,184.000000
8755,512,97167,189.779297
8756,512,97667,190.755859
8757,512,96375,188.232422
8758,512,94750,185.058594
8759,512,95292,186.117188
8760,512,93958,183.511719
8761,512,91667,179.037109
8762,512,94458,184.488281
8763,512,94917,185.384766
8764,512,97917,191.244141
8765,512,98083,191.568359
8766,512,111542,217.855469
8767,512,95625,186.767578
8768,512,95459,186.443359
8769,512,97041,189.533203
8770,512,96292,188.070312
8771,512,92500,180.664062
8772,512,95375,186.279297
8773,512,96208,187.906250
8774,512,96167,187.826172
8775,512,93708,183.023438
8776,512,95292,186.117188
8777,512,94459,184.490234
8778,512,98417,192.220703
8779,512,94958,185.464844
8780,512,93250,182.128906
8781,512,93958,183.511719
8782,512,96042,187.582031
8783,512,97208,189.859375
8784,512,97167,189.779297
8785,512,92833,181.314453
8786,512,94000,183.593750
8787,512,94083,183.755859
8788,512,93333,182.291016
8789,512,95209,185.955078
8790,512,91125,177.978516
8791,512,96625,188.720703
8792,512,97542,190.511719
8793,512,93666,182.941406
8794,512,93959,183.513672
8795,512,90583,176.919922
8796,512,92000,179.687500
8797,512,90083,175.943359
8798,512,92083,179.849609
8799,512,93750,183.105469
8800,512,93917,183.431641
8801,512,93958,183.511719
8802,512,98042,191.488281
8803,512,94167,183.919922
8804,512,91542,178.792969
8805,512,97083,189.615234
8806,512,106709,208.416016
8807,512,92833,181.314453
8808,512,92500,180.664062
8809,512,92833,181.314453
8810,512,94667,184.896484
8811,512,94250,184.082031
8812,512,92541,180.744141
8813,512,93417,182.455078
8814,512,97083,189.615234
8815,512,92542,180.746094
8816,512,93791,183.185547
8817,512,93042,181.722656
8818,512,91500,178.710938
8819,512,94209,184.001953
8820,512,95291,186.115234
8821,512,94292,184.164062
8822,512,89792,175.375000
8823,512,91083,177.896484
8824,512,90541,176.837891
8825,512,89583,174.966797
8826,512,90667,177.083984
8827,512,92292,180.257812
8828,512,91500,178.710938
8829,512,92458,180.582031
8830,512,93708,183.023438
8831,512,106000,207.031250
8832,512,95500,186.523438
8833,512,91041,177.814453
8834,512,92917,181.478516
8835,512,92667,180.990234
8836,512,96958,189.371094
8837,512,98666,192.707031
8838,512,109417,213.705078
8839,512,91625,178.955078
8840,512,108042,211.019531
8841,512,95958,187.417969
8842,512,91917,179.525391
8843,512,91958,179.605469
8844,512,90417,176.595703
8845,512,93791,183.185547
8846,512,92208,180.093750
8847,512,92792,181.234375
8848,512,92167,180.013672
8849,512,92708,181.070312
8850,512,93791,183.185547
8851,512,95083,185.708984
8852,512,91917,179.525391
8853,512,91333,178.384766
8854,512,93209,182.048828
8855,512,94625,184.814453
8856,512,92834,181.316406
8857,512,94500,184.570312
8858,512,95583,186.685547
8859,512,90417,176.595703
8860,512,92625,180.908203
8861,512,92208,180.093750
8862,512,91958,179.605469
8863,512,91667,179.037109
8864,512,92000,179.687500
8865,512,92292,180.257812
8866,512,94500,184.570312
8867,512,96209,187.908203
8868,512,96541,188.556641
8869,512,94250,184.082031
8870,512,94834,185.222656
8871,512,96291,188.068359
8872,512,93167,181.966797
8873,512,91334,178.386719
8874,512,91791,179.279297
8875,512,94667,184.896484
8876,512,95125,185.791016
8877,512,94083,183.755859
8878,512,94292,184.164062
8879,512,92708,181.070312
8880,512,101584,198.406250
8881,512,93209,182.048828
8882,512,91584,178.875000
8883,512,90791,177.326172
8884,512,92167,180.013672
8885,512,95792,187.093750
8886,512,93000,181.640625
8887,512,93167,181.966797
8888,512,91500,178.710938
8889,512,93042,181.722656
8890,512,91541,178.791016
8891,512,94334,184.246094
8892,512,94750,185.058594
8893,512,93750,183.105469
8894,512,93667,182.943359
8895,512,91250,178.222656
8896,512,90417,176.595703
8897,512,92166,180.011719
8898,512,99667,194.662109
8899,512,100458,196.207031
8900,512,89750,175.292969
8901,512,90084,175.945312
8902,512,91750,179.199219
8903,512,90875,177.490234
8904,512,89750,175.292969
8905,512,89833,175.455078
8906,512,89208,174.234375
8907,512,91500,178.710938
8908,512,90875,177.490234
8909,512,96083,187.662109
8910,512,92792,181.234375
8911,512,92083,179.849609
8912,512,89167,174.154297
8913,512,91167,178.060547
8914,512,88500,172.851562
8915,512,89709,175.212891
8916,512,90209,176.189453
8917,512,90834,177.410156
8918,512,91084,177.898438
8919,512,89125,174.072266
8920,512,89666,175.128906
8921,512,93167,181.966797
8922,512,89958,175.699219
8923,512,90292,176.351562
8924,512,91375,178.466797
8925,512,92250,180.175781
8926,512,95750,187.011719
8927,512,92458,180.582031
8928,512,90500,176.757812
8929,512,92250,180.175781
8930,512,91000,177.734375
8931,512,92750,181.152344
8932,512,87750,171.386719
8933,512,91667,179.037109
8934,512,89708,175.210938
8935,512,91750,179.199219
8936,512,90708,177.164062
8937,512,91375,178.466797
8938,512,91083,177.896484
8939,512,88792,173.421875
8940,512,90208,176.187500
8941,512,90708,177.164062
8942,512,89459,174.724609
8943,512,90000,175.781250
8944,512,89084,173.992188
8945,512,89833,175.455078
8946,512,87625,171.142578
8947,512,89250,174.316406
8948,512,92250,180.175781
8949,512,89250,174.316406
8950,512,90666,177.082031
8951,512,90917,177.572266
8952,512,89375,174.560547
8953,512,88916,173.664062
8954,512,91125,177.978516
8955,512,89750,175.292969
8956,512,88542,172.933594
8957,512,88375,172.607422
8958,512,92125,179.931641
8959,512,90125,176.025391
8960,512,91667,179.037109
8961,512,92958,181.558594
8962,512,91750,179.199219
8963,512,92166,180.011719
8964,512,91209,178.142578
8965,512,93291,182.208984
8966,512,92917,181.478516
8967,512,94750,185.058594
8968,512,94750,185.058594
8969,512,90667,177.083984
8970,512,89958,175.699219
8971,512,99917,195.150391
8972,512,93000,181.640625
8973,512,90333,176.431641
8974,512,90959,177.654297
8975,512,91417,178.548828
8976,512,92875,181.396484
8977,512,92458,180.582031
8978,512,91375,178.466797
8979,512,93291,182.208984
8980,512,91292,178.304688
8981,512,91833,179.361328
8982,512,91792,179.281250
8983,512,93250,182.128906
8984,512,93291,182.208984
8985,512,91084,177.898438
8986,512,95375,186.279297
8987,512,94042,183.675781
8988,512,91917,179.525391
8989,512,106250,207.519531
8990,512,91750,179.199219
8991,512,92417,180.501953
8992,512,94166,183.917969
8993,512,91875,179.443359
8994,512,91916,179.523438
8995,512,90917,177.572266
8996,512,90625,177.001953
8997,512,91750,179.199219
8998,512,92500,180.664062
8999,512,93875,183.349609
9000,512,92041,179.767578
9001,512,94750,185.058594
9002,512,93958,183.511719
9003,512,91959,179.607422
9004,512,93041,181.720703
9005,512,119167,232.748047
9006,512,94416,184.406250
9007,512,93542,182.699219
9008,512,98708,192.789062
9009,512,95417,186.361328
9010,512,99708,194.742188
9011,512,98666,192.707031
9012,512,95834,187.175781
9013,512,99458,194.253906
9014,512,96291,188.068359
9015,512,101709,198.650391
9016,512,94250,184.082031
9017,512,95667,186.849609
9018,512,98583,192.544922
9019,512,100167,195.638672
9020,512,104458,204.019531
9021,512,100208,195.718750
9022,512,96375,188.232422
9023,512,101375,197.998047
9024,512,100875,197.021484
9025,512,105334,205.730469
9026,512,115959,226.482422
9027,512,106625,208.251953
9028,512,107875,210.693359
9029,512,115125,224.853516
9030,512,117834,230.144531
9031,512,113750,222.167969
9032,512,112125,218.994141
9033,512,103708,202.554688
9034,512,113667,222.005859
9035,512,109166,213.214844
9036,512,96709,188.884766
9037,512,97000,189.453125
9038,512,103542,202.230469
9039,512,110666,216.144531
9040,512,95834,187.175781
9041,512,95792,187.093750
9042,512,95958,187.417969
9043,512,98959,193.279297
9044,512,95833,187.173828
9045,512,95750,187.011719
9046,512,94542,184.652344
9047,512,95625,186.767578
9048,512,97250,189.941406
9049,512,98208,191.812500
9050,512,96667,188.802734
9051,512,93958,183.511719
9052,512,95875,187.255859
9053,512,95166,185.871094
9054,512,93834,183.269531
9055,512,93000,181.640625
9056,512,101667,198.568359
9057,512,97000,189.453125
9058,512,94583,184.732422
9059,512,93792,183.187500
9060,512,94833,185.220703
9061,512,94292,184.164062
9062,512,95084,185.710938
9063,512,91875,179.443359
9064,512,94875,185.302734
9065,512,93958,183.511719
9066,512,98125,191.650391
9067,512,94292,184.164062
9068,512,96000,187.500000
9069,512,96000,187.500000
9070,512,96542,188.558594
9071,512,94500,184.570312
9072,512,95542,186.605469
9073,512,94291,184.162109
9074,512,94959,185.466797
9075,512,94666,184.894531
9076,512,94334,184.246094
9077,512,95916,187.335938
9078,512,91500,178.710938
9079,512,94125,183.837891
9080,512,92333,180.337891
9081,512,95625,186.767578
9082,512,90375,176.513672
9083,512,91833,179.361328
9084,512,92084,179.851562
9085,512,92333,180.337891
9086,512,93750,183.105469
9087,512,93666,182.941406
9088,512,92500,180.664062
9089,512,94625,184.814453
9090,512,94500,184.570312
9091,512,93583,182.779297
9092,512,93958,183.511719
9093,512,92500,180.664062
9094,512,90667,177.083984
9095,512,93666,182.941406
9096,512,92375,180.419922
9097,512,92167,180.013672
9098,512,93541,182.697266
9099,512,91375,178.466797
9100,512,90458,176.675781
9101,512,98958,193.277344
9102,512,91792,179.281250
9103,512,92083,179.849609
9104,512,92125,179.931641
9105,512,92958,181.558594
9106,512,91167,178.060547
9107,512,91417,178.548828
9108,512,92166,180.011719
9109,512,91833,179.361328
9110,512,91500,178.710938
9111,512,93917,183.431641
9112,512,106083,207.193359
9113,512,92708,181.070312
9114,512,91333,178.384766
9115,512,90709,177.166016
9116,512,90500,176.757812
9117,512,91542,178.792969
9118,512,90625,177.001953
9119,512,92792,181.234375
9120,512,90417,176.595703
9121,512,90583,176.919922
9122,512,91708,179.117188
9123,512,90167,176.107422
9124,512,90125,176.025391
9125,512,91083,177.896484
9126,512,90875,177.490234
9127,512,89625,175.048828
9128,512,92333,180.337891
9129,512,90292,176.351562
9130,512,93000,181.640625
9131,512,93250,182.128906
9132,512,93042,181.722656
9133,512,91000,177.734375
9134,512,91250,178.222656
9135,512,91166,178.058594
9136,512,90958,177.652344
9137,512,91542,178.792969
9138,512,91500,178.710938
9139,512,91708,179.117188
9140,512,91875,179.443359
9141,512,90458,176.675781
9142,512,89959,175.701172
9143,512,92750,181.152344
9144,512,91541,178.791016
9145,512,88792,173.421875
9146,512,98417,192.220703
9147,512,89708,175.210938
9148,512,91000,177.734375
9149,512,89875,175.537109
9150,512,87209,170.330078
9151,512,92750,181.152344
9152,512,91750,179.199219
9153,512,90083,175.943359
9154,512,93375,182.373047
9155,512,92875,181.396484
9156,512,93334,182.292969
9157,512,92042,179.769531
9158,512,91833,179.361328
9159,512,91709,179.119141
9160,512,92000,179.687500
9161,512,89417,174.642578
9162,512,92125,179.931641
9163,512,90208,176.187500
9164,512,92250,180.175781
9165,512,94583,184.732422
9166,512,92750,181.152344
9167,512,91667,179.037109
9168,512,94792,185.140625
9169,512,92042,179.769531
9170,512,89167,174.154297
9171,512,88833,173.501953
9172,512,92917,181.478516
9173,512,90541,176.837891
9174,512,89708,175.210938
9175,512,89917,175.619141
9176,512,92250,180.175781
9177,512,90208,176.187500
9178,512,92542,180.746094
9179,512,95709,186.931641
9180,512,89833,175.455078
9181,512,90208,176.187500
9182,512,93000,181.640625
9183,512,99083,193.521484
9184,512,97875,191.162109
9185,512,96416,188.312500
9186,512,93084,181.804688
9187,512,99833,194.986328
9188,512,101083,197.427734
9189,512,106333,207.681641
9190,512,100125,195.556641
9191,512,101500,198.242188
9192,512,105417,205.892578
9193,512,103416,201.984375
9194,512,92209,180.095703
9195,512,91667,179.037109
9196,512,93375,182.373047
9197,512,94833,185.220703
9198,512,93459,182.537109
9199,512,92250,180.175781
9200,512,93792,183.187500
9201,512,92500,180.664062
9202,512,91708,179.117188
9203,512,94291,184.162109
9204,512,92250,180.175781
9205,512,90250,176.269531
9206,512,95375,186.279297
9207,512,92167,180.013672
9208,512,95292,186.117188
9209,512,92083,179.849609
9210,512,92500,180.664062
9211,512,92167,180.013672
9212,512,91500,178.710938
9213,512,92166,180.011719
9214,512,90834,177.410156
9215,512,95166,185.871094
9216,512,90209,176.189453
9217,512,93042,181.722656
9218,512,92333,180.337891
9219,512,90167,176.107422
9220,512,92500,180.664062
9221,512,93333,182.291016
9222,512,90875,177.490234
9223,512,94459,184.490234
9224,512,91583,178.873047
9225,512,89833,175.455078
9226,512,91042,177.816406
9227,512,93458,182.535156
9228,512,97917,191.244141
9229,512,89208,174.234375
9230,512,89625,175.048828
9231,512,92125,179.931641
9232,512,95417,186.361328
9233,512,90833,177.408203
9234,512,89292,174.398438
9235,512,95084,185.710938
9236,512,97166,189.777344
9237,512,94125,183.837891
9238,512,89583,174.966797
9239,512,93292,182.210938
9240,512,107708,210.367188
9241,512,91166,178.058594
9242,512,90958,177.652344
9243,512,89709,175.212891
9244,512,91250,178.222656
9245,512,92167,180.013672
9246,512,92167,180.013672
9247,512,89666,175.128906
9248,512,89750,175.292969
9249,512,90875,177.490234
9250,512,89250,174.316406
9251,512,92625,180.908203
9252,512,93708,183.023438
9253,512,92625,180.908203
9254,512,89333,174.478516
9255,512,91917,179.525391
9256,512,93458,182.535156
9257,512,91042,177.816406
9258,512,91250,178.222656
9259,512,91833,179.361328
9260,512,95792,187.093750
9261,512,111958,218.667969
9262,512,91167,178.060547
9263,512,91375,178.466797
9264,512,92834,181.316406
9265,512,92917,181.478516
9266,512,94416,184.406250
9267,512,92750,181.152344
9268,512,89958,175.699219
9269,512,92667,180.990234
9270,512,94125,183.837891
9271,512,89166,174.152344
9272,512,90917,177.572266
9273,512,88625,173.095703
9274,512,92417,180.501953
9275,512,91209,178.142578
9276,512,92333,180.337891
9277,512,90042,175.863281
9278,512,93416,182.453125
9279,512,93042,181.722656
9280,512,97541,190.509766
9281,512,97500,190.429688
9282,512,91708,179.117188
9283,512,90959,177.654297
9284,512,89625,175.048828
9285,512,92250,180.175781
9286,512,88916,173.664062
9287,512,91667,179.037109
9288,512,90708,177.164062
9289,512,89958,175.699219
9290,512,91875,179.443359
9291,512,91958,179.605469
9292,512,91417,178.548828
9293,512,93875,183.349609
9294,512,89500,174.804688
9295,512,90000,175.781250
9296,512,90750,177.246094
9297,512,91084,177.898438
9298,512,90791,177.326172
9299,512,90584,176.921875
9300,512,89458,174.722656
9301,512,90000,175.781250
9302,512,93583,182.779297
9303,512,92708,181.070312
9304,512,91084,177.898438
9305,512,90166,176.105469
9306,512,90959,177.654297
9307,512,90875,177.490234
9308,512,93833,183.267578
9309,512,90708,177.164062
9310,512,91125,177.978516
9311,512,91208,178.140625
9312,512,90500,176.757812
9313,512,89250,174.316406
9314,512,88333,172.525391
9315,512,89916,175.617188
9316,512,91167,178.060547
9317,512,89375,174.560547
9318,512,88917,173.666016
9319,512,90083,175.943359
9320,512,91125,177.978516
9321,512,91916,179.523438
9322,512,92042,179.769531
9323,512,90792,177.328125
9324,512,91000,177.734375
9325,512,92375,180.419922
9326,512,98459,192.302734
9327,512,91125,177.978516
9328,512,90209,176.189453
9329,512,90500,176.757812
9330,512,89334,174.480469
9331,512,87708,171.304688
9332,512,92042,179.769531
9333,512,90458,176.675781
9334,512,89625,175.048828
9335,512,89958,175.699219
9336,512,87666,171.222656
9337,512,91625,178.955078
9338,512,91792,179.281250
9339,512,89791,175.373047
9340,512,90209,176.189453
9341,512,92250,180.175781
9342,512,87208,170.328125
9343,512,91000,177.734375
9344,512,91791,179.279297
9345,512,90417,176.595703
9346,512,87042,170.003906
9347,512,88625,173.095703
9348,512,91625,178.955078
9349,512,90958,177.652344
9350,512,89000,173.828125
9351,512,92667,180.990234
9352,512,92666,180.988281
9353,512,87875,171.630859
9354,512,87667,171.224609
9355,512,111792,218.343750
9356,512,95167,185.873047
9357,512,89042,173.910156
9358,512,90333,176.431641
9359,512,92042,179.769531
9360,512,91208,178.140625
9361,512,92791,181.232422
9362,512,92084,179.851562
9363,512,92166,180.011719
9364,512,93375,182.373047
9365,512,92042,179.769531
9366,512,92166,180.011719
9367,512,92417,180.501953
9368,512,93208,182.046875
9369,512,96750,188.964844
9370,512,96667,188.802734
9371,512,114959,224.529297
9372,512,97042,189.535156
9373,512,94167,183.919922
9374,512,91291,178.302734
9375,512,95542,186.605469
9376,512,95083,185.708984
9377,512,102125,199.462891
9378,512,92291,180.255859
9379,512,97417,190.267578
9380,512,96125,187.744141
9381,512,99000,193.359375
9382,512,106583,208.169922
9383,512,104500,204.101562
9384,512,103416,201.984375
9385,512,108167,211.263672
9386,512,107167,209.310547
9387,512,102250,199.707031
9388,512,120584,235.515625
9389,512,105208,205.484375
9390,512,111042,216.878906
9391,512,114666,223.957031
9392,512,92167,180.013672
9393,512,92208,180.093750
9394,512,94542,184.652344
9395,512,105875,206.787109
9396,512,100500,196.289062
9397,512,92625,180.908203
9398,512,92750,181.152344
9399,512,93708,183.023438
9400,512,91667,179.037109
9401,512,92250,180.175781
9402,512,92125,179.931641
9403,512,93250,182.128906
9404,512,95042,185.628906
9405,512,93042,181.722656
9406,512,93292,182.210938
9407,512,92875,181.396484
9408,512,91917,179.525391
9409,512,91125,177.978516
9410,512,93709,183.025391
9411,512,91375,178.466797
9412,512,92292,180.257812
9413,512,93000,181.640625
9414,512,97250,189.941406
9415,512,92208,180.093750
9416,512,93084,181.804688
9417,512,88916,173.664062
9418,512,96125,187.744141
9419,512,90917,177.572266
9420,512,90208,176.187500
9421,512,91666,179.035156
9422,512,91208,178.140625
9423,512,91084,177.898438
9424,512,90708,177.164062
9425,512,93083,181.802734
9426,512,92250,180.175781
9427,512,93833,183.267578
9428,512,90000,175.781250
9429,512,90708,177.164062
9430,512,91542,178.792969
9431,512,92416,180.500000
9432,512,90333,176.431641
9433,512,89917,175.619141
9434,512,92041,179.767578
9435,512,90334,176.433594
9436,512,93625,182.861328
9437,512,91375,178.466797
9438,512,92083,179.849609
9439,512,90625,177.001953
9440,512,99792,194.906250
9441,512,90292,176.351562
9442,512,96042,187.582031
9443,512,93541,182.697266
9444,512,89833,175.455078
9445,512,91042,177.816406
9446,512,90250,176.269531
9447,512,88041,171.955078
9448,512,92042,179.769531
9449,512,90292,176.351562
9450,512,91583,178.873047
9451,512,92125,179.931641
9452,512,92792,181.234375
9453,512,88875,173.583984
9454,512,91459,178.630859
9455,512,88000,171.875000
9456,512,89583,174.966797
9457,512,91625,178.955078
9458,512,92333,180.337891
9459,512,94917,185.384766
9460,512,90458,176.675781
9461,512,87917,171.712891
9462,512,86083,168.130859
9463,512,89666,175.128906
9464,512,88250,172.363281
9465,512,89292,174.398438
9466,512,89875,175.537109
9467,512,90958,177.652344
9468,512,89542,174.886719
9469,512,87958,171.792969
9470,512,90292,176.351562
9471,512,89000,173.828125
9472,512,90500,176.757812
9473,512,87125,170.166016
9474,512,88375,172.607422
9475,512,89625,175.048828
9476,512,88083,172.037109
9477,512,90834,177.410156
9478,512,90541,176.837891
9479,512,89875,175.537109
9480,512,88250,172.363281
9481,512,89084,173.992188
9482,512,88416,172.687500
9483,512,87709,171.306641
9484,512,88375,172.607422
9485,512,91500,178.710938
9486,512,85959,167.888672
9487,512,88584,173.015625
9488,512,89958,175.699219
9489,512,86917,169.759766
9490,512,90833,177.408203
9491,512,87917,171.712891
9492,512,90417,176.595703
9493,512,89042,173.910156
9494,512,87541,170.978516
9495,512,88375,172.607422
9496,512,87042,170.003906
9497,512,94666,184.894531
9498,512,93583,182.779297
9499,512,86333,168.619141
9500,512,87292,170.492188
9501,512,86958,169.839844
9502,512,86833,169.595703
9503,512,86792,169.515625
9504,512,87083,170.083984
9505,512,86417,168.783203
9506,512,91250,178.222656
9507,512,87667,171.224609
9508,512,90292,176.351562
9509,512,90375,176.513672
9510,512,88833,173.501953
9511,512,87625,171.142578
9512,512,87334,170.574219
9513,512,90000,175.781250
9514,512,87584,171.062500
9515,512,85000,166.015625
9516,512,87833,171.548828
9517,512,89792,175.375000
9518,512,88500,172.851562
9519,512,89500,174.804688
9520,512,89958,175.699219
9521,512,88542,172.933594
9522,512,89334,174.480469
9523,512,87750,171.386719
9524,512,89000,173.828125
9525,512,88958,173.746094
9526,512,89667,175.130859
9527,512,89250,174.316406
9528,512,88083,172.037109
9529,512,89250,174.316406
9530,512,89833,175.455078
9531,512,89250,174.316406
9532,512,89792,175.375000
9533,512,87291,170.490234
9534,512,89209,174.236328
9535,512,90250,176.269531
9536,512,88416,172.687500
9537,512,90417,176.595703
9538,512,87959,171.794922
9539,512,89375,174.560547
9540,512,92000,179.687500
9541,512,103541,202.228516
9542,512,88500,172.851562
9543,512,89583,174.966797
9544,512,88250,172.363281
9545,512,86625,169.189453
9546,512,87959,171.794922
9547,512,87958,171.792969
9548,512,89083,173.990234
9549,512,89875,175.537109
9550,512,89375,174.560547
9551,512,89250,174.316406
9552,512,91500,178.710938
9553,512,95375,186.279297
9554,512,98666,192.707031
9555,512,107750,210.449219
9556,512,89292,174.398438
9557,512,88583,173.013672
9558,512,90166,176.105469
9559,512,90083,175.943359
9560,512,91917,179.525391
9561,512,89542,174.886719
9562,512,92083,179.849609
9563,512,88583,173.013672
9564,512,92083,179.849609
9565,512,89500,174.804688
9566,512,92333,180.337891
9567,512,110208,215.250000
9568,512,92542,180.746094
9569,512,88791,173.419922
9570,512,90292,176.351562
9571,512,93667,182.943359
9572,512,92333,180.337891
9573,512,92958,181.558594
9574,512,93667,182.943359
9575,512,91083,177.896484
9576,512,91208,178.140625
9577,512,90917,177.572266
9578,512,90125,176.025391
9579,512,93833,183.267578
9580,512,90833,177.408203
9581,512,91791,179.279297
9582,512,91458,178.628906
9583,512,91667,179.037109
9584,512,91542,178.792969
9585,512,90958,177.652344
9586,512,92417,180.501953
9587,512,92500,180.664062
9588,512,93250,182.128906
9589,512,91334,178.386719
9590,512,91750,179.199219
9591,512,91000,177.734375
9592,512,90750,177.246094
9593,512,89292,174.398438
9594,512,91417,178.548828
9595,512,89667,175.130859
9596,512,90500,176.757812
9597,512,89333,174.478516
9598,512,97166,189.777344
9599,512,91792,179.281250
9600,512,90875,177.490234
9601,512,88458,172.769531
9602,512,90208,176.187500
9603,512,88875,173.583984
9604,512,91500,178.710938
9605,512,91958,179.605469
9606,512,92750,181.152344
9607,512,91125,177.978516
9608,512,89667,175.130859
9609,512,89041,173.908203
9610,512,90709,177.166016
9611,512,89916,175.617188
9612,512,91792,179.281250
9613,512,91750,179.199219
9614,512,90166,176.105469
9615,512,91417,178.548828
9616,512,91834,179.363281
9617,512,90041,175.861328
9618,512,89792,175.375000
9619,512,89417,174.642578
9620,512,91000,177.734375
9621,512,90000,175.781250
9622,512,88209,172.283203
9623,512,93208,182.046875
9624,512,89750,175.292969
9625,512,86833,169.595703
9626,512,89875,175.537109
9627,512,88458,172.769531
9628,512,98834,193.035156
9629,512,104792,204.671875
9630,512,91958,179.605469
9631,512,92166,180.011719
9632,512,94959,185.466797
9633,512,91750,179.199219
9634,512,93375,182.373047
9635,512,93375,182.373047
9636,512,90833,177.408203
9637,512,94917,185.384766
9638,512,92875,181.396484
9639,512,92167,180.013672
9640,512,91417,178.548828
9641,512,92666,180.988281
9642,512,93000,181.640625
9643,512,95459,186.443359
9644,512,107208,209.390625
9645,512,94000,183.593750
9646,512,93333,182.291016
9647,512,92167,180.013672
9648,512,95500,186.523438
9649,512,95500,186.523438
9650,512,96750,188.964844
9651,512,105417,205.892578
9652,512,94916,185.382812
9653,512,93750,183.105469
9654,512,90375,176.513672
9655,512,95750,187.011719
9656,512,92458,180.582031
9657,512,94542,184.652344
9658,512,93250,182.128906
9659,512,96458,188.394531
9660,512,95417,186.361328
9661,512,95291,186.115234
9662,512,101125,197.509766
9663,512,100333,195.962891
9664,512,95666,186.847656
9665,512,93959,183.513672
9666,512,93667,182.943359
9667,512,94750,185.058594
9668,512,93583,182.779297
9669,512,94209,184.001953
9670,512,95666,186.847656
9671,512,96292,188.070312
9672,512,96500,188.476562
9673,512,96417,188.314453
9674,512,95875,187.255859
9675,512,95375,186.279297
9676,512,94958,185.464844
9677,512,98792,192.953125
9678,512,98041,191.486328
9679,512,100958,197.183594
9680,512,99500,194.335938
9681,512,94709,184.978516
9682,512,96250,187.988281
9683,512,94375,184.326172
9684,512,99458,194.253906
9685,512,95458,186.441406
9686,512,96709,188.884766
9687,512,120916,236.164062
9688,512,127042,248.128906
9689,512,112041,218.830078
9690,512,98625,192.626953
9691,512,100750,196.777344
9692,512,95708,186.929688
9693,512,100750,196.777344
9694,512,99958,195.230469
9695,512,98375,192.138672
9696,512,95833,187.173828
9697,512,97792,191.000000
9698,512,97292,190.023438
9699,512,96250,187.988281
9700,512,96541,188.556641
9701,512,96958,189.371094
9702,512,97000,189.453125
9703,512,97792,191.000000
9704,512,96959,189.373047
9705,512,98666,192.707031
9706,512,97042,189.535156
9707,512,100250,195.800781
9708,512,97250,189.941406
9709,512,97458,190.347656
9710,512,96875,189.208984
9711,512,98584,192.546875
9712,512,100541,196.369141
9713,512,97125,189.697266
9714,512,98167,191.732422
9715,512,101208,197.671875
9716,512,98833,193.033203
9717,512,99084,193.523438
9718,512,97416,190.265625
9719,512,97750,190.917969
9720,512,98958,193.277344
9721,512,97916,191.242188
9722,512,97917,191.244141
9723,512,105834,206.707031
9724,512,119791,233.966797
9725,512,104459,204.021484
9726,512,100875,197.021484
9727,512,99666,194.660156
9728,512,110834,216.472656
9729,512,107750,210.449219
9730,512,105334,205.730469
9731,512,101416,198.078125
9732,512,103209,201.580078
9733,512,127916,249.835938
9734,512,117917,230.306641
9735,512,119666,233.722656
9736,512,129042,252.035156
9737,512,124833,243.814453
9738,512,126000,246.093750
9739,512,127125,248.291016
9740,512,135583,264.810547
9741,512,135917,265.462891
9742,512,133292,260.335938
9743,512,126834,247.722656
9744,512,126167,246.419922
9745,512,124875,243.896484
9746,512,128791,251.544922
9747,512,124625,243.408203
9748,512,107709,210.369141
9749,512,107375,209.716797
9750,512,117916,230.304688
9751,512,106625,208.251953
9752,512,105292,205.648438
9753,512,103708,202.554688
9754,512,106083,207.193359
9755,512,105750,206.542969
9756,512,101959,199.138672
9757,512,102000,199.218750
9758,512,103584,202.312500
9759,512,104166,203.449219
9760,512,103792,202.718750
9761,512,103916,202.960938
9762,512,100792,196.859375
9763,512,109250,213.378906
9764,512,102959,201.091797
9765,512,116584,227.703125
9766,512,102333,199.869141
9767,512,102833,200.845703
9768,512,104292,203.695312
9769,512,102041,199.298828
9770,512,104875,204.833984
9771,512,99375,194.091797
9772,512,104125,203.369141
9773,512,105875,206.787109
9774,512,130959,255.779297
9775,512,133708,261.148438
9776,512,105000,205.078125
9777,512,101750,198.730469
9778,512,103625,202.392578
9779,512,105959,206.951172
9780,512,102458,200.113281
9781,512,101250,197.753906
9782,512,110083,215.005859
9783,512,102750,200.683594
9784,512,102917,201.009766
9785,512,105791,206.623047
9786,512,103334,201.824219
9787,512,103041,201.251953
9788,512,101375,197.998047
9789,512,101083,197.427734
9790,512,102334,199.871094
9791,512,104167,203.451172
9792,512,105583,206.216797
9793,512,100958,197.183594
9794,512,100292,195.882812
9795,512,100458,196.207031
9796,512,106875,208.740234
9797,512,101333,197.916016
9798,512,100875,197.021484
9799,512,105083,205.240234
9800,512,101667,198.568359
9801,512,102083,199.380859
9802,512,103000,201.171875
9803,512,104333,203.775391
9804,512,110208,215.250000
9805,512,106209,207.439453
9806,512,99125,193.603516
9807,512,101083,197.427734
9808,512,102708,200.601562
9809,512,106542,208.089844
9810,512,103083,201.333984
9811,512,106625,208.251953
9812,512,106417,207.845703
9813,512,102625,200.439453
9814,512,109750,214.355469
9815,512,105416,205.890625
9816,512,104500,204.101562
9817,512,100708,196.695312
9818,512,100875,197.021484
9819,512,100750,196.777344
9820,512,100125,195.556641
9821,512,101875,198.974609
9822,512,99417,194.173828
9823,512,101292,197.835938
9824,512,100708,196.695312
9825,512,100750,196.777344
9826,512,100250,195.800781
9827,512,99625,194.580078
9828,512,101333,197.916016
9829,512,101375,197.998047
9830,512,97917,191.244141
9831,512,97458,190.347656
9832,512,95834,187.175781
9833,512,97541,190.509766
9834,512,98917,193.197266
9835,512,99291,193.927734
9836,512,97375,190.185547
9837,512,98542,192.464844
9838,512,103292,201.742188
9839,512,103375,201.904297
9840,512,102167,199.544922
9841,512,98292,191.976562
9842,512,97041,189.533203
9843,512,98042,191.488281
9844,512,97583,190.591797
9845,512,98708,192.789062
9846,512,101583,198.404297
9847,512,96292,188.070312
9848,512,96333,188.150391
9849,512,96125,187.744141
9850,512,95458,186.441406
9851,512,97500,190.429688
9852,512,94625,184.814453
9853,512,101000,197.265625
9854,512,98625,192.626953
9855,512,125500,245.117188
9856,512,106917,208.822266
9857,512,97833,191.080078
9858,512,103125,201.416016
9859,512,97250,189.941406
9860,512,97750,190.917969
9861,512,102917,201.009766
9862,512,100042,195.394531
9863,512,96708,188.882812
9864,512,95333,186.197266
9865,512,96291,188.068359
9866,512,96667,188.802734
9867,512,96875,189.208984
9868,512,96375,188.232422
9869,512,97208,189.859375
9870,512,95250,186.035156
9871,512,99042,193.441406
9872,512,99666,194.660156
9873,512,105250,205.566406
9874,512,99708,194.742188
9875,512,96375,188.232422
9876,512,95500,186.523438
9877,512,98542,192.464844
9878,512,95750,187.011719
9879,512,95750,187.011719
9880,512,94125,183.837891
9881,512,93958,183.511719
9882,512,97709,190.837891
9883,512,93709,183.025391
9884,512,93750,183.105469
9885,512,93542,182.699219
9886,512,97625,190.673828
9887,512,94250,184.082031
9888,512,107291,209.552734
9889,512,107292,209.554688
9890,512,110625,216.064453
9891,512,98250,191.894531
9892,512,103750,202.636719
9893,512,93375,182.373047
9894,512,94916,185.382812
9895,512,94875,185.302734
9896,512,98375,192.138672
9897,512,93958,183.511719
9898,512,99167,193.685547
9899,512,96750,188.964844
9900,512,95500,186.523438
9901,512,96833,189.126953
9902,512,94167,183.919922
9903,512,94833,185.220703
9904,512,99708,194.742188
9905,512,91375,178.466797
9906,512,91375,178.466797
9907,512,93625,182.861328
9908,512,91167,178.060547
9909,512,90125,176.025391
9910,512,90792,177.328125
9911,512,91084,177.898438
9912,512,88958,173.746094
9913,512,89333,174.478516
9914,512,92667,180.990234
9915,512,90958,177.652344
9916,512,91333,178.384766
9917,512,92667,180.990234
9918,512,88792,173.421875
9919,512,89916,175.617188
9920,512,90084,175.945312
9921,512,92125,179.931641
9922,512,89584,174.968750
9923,512,90166,176.105469
9924,512,88042,171.957031
9925,512,89167,174.154297
9926,512,89166,174.152344
9927,512,89417,174.642578
9928,512,90500,176.757812
9929,512,89708,175.210938
9930,512,91792,179.281250
9931,512,89708,175.210938
9932,512,97667,190.755859
9933,512,88791,173.419922
9934,512,88209,172.283203
9935,512,92125,179.931641
9936,512,90875,177.490234
9937,512,86792,169.515625
9938,512,90000,175.781250
9939,512,90541,176.837891
9940,512,88083,172.037109
9941,512,89250,174.316406
9942,512,103834,202.800781
9943,512,121000,236.328125
9944,512,94334,184.246094
9945,512,87833,171.548828
9946,512,89708,175.210938
9947,512,89792,175.375000
9948,512,89125,174.072266
9949,512,90041,175.861328
9950,512,87167,170.248047
9951,512,89917,175.619141
9952,512,90708,177.164062
9953,512,89833,175.455078
9954,512,90333,176.431641
9955,512,90542,176.839844
9956,512,90500,176.757812
9957,512,87375,170.654297
9958,512,88416,172.687500
9959,512,90084,175.945312
9960,512,88958,173.746094
9961,512,89958,175.699219
9962,512,90375,176.513672
9963,512,90084,175.945312
9964,512,88541,172.931641
9965,512,88125,172.119141
9966,512,91250,178.222656
9967,512,88084,172.039062
9968,512,88583,173.013672
9969,512,89708,175.210938
9970,512,90375,176.513672
9971,512,88708,173.257812
9972,512,88333,172.525391
9973,512,90167,176.107422
9974,512,88958,173.746094
9975,512,89250,174.316406
9976,512,88417,172.689453
9977,512,89208,174.234375
9978,512,97167,189.779297
9979,512,90417,176.595703
9980,512,90083,175.943359
9981,512,87917,171.712891
9982,512,88000,171.875000
9983,512,88250,172.363281
9984,512,89208,174.234375
9985,512,87375,170.654297
9986,512,88875,173.583984
9987,512,90000,175.781250
9988,512,91125,177.978516
9989,512,101250,197.753906
9990,512,91958,179.605469
9991,512,86458,168.863281
9992,512,89458,174.722656
9993,512,89209,174.236328
9994,512,88666,173.175781
9995,512,90625,177.001953
9996,512,89459,174.724609
9997,512,88625,173.095703
9998,512,89916,175.617188
9999,512,87417,170.736328
10000,512,87667,171.224609
10001,512,88000,171.875000
10002,512,86583,169.107422
10003,512,87208,170.328125
10004,512,87792,171.468750
10005,512,89250,174.316406
10006,512,89709,175.212891
10007,512,87375,170.654297
10008,512,86792,169.515625
10009,512,86959,169.841797
10010,512,87208,170.328125
10011,512,90000,175.781250
10012,512,88208,172.281250
10013,512,91375,178.466797
10014,512,86750,169.433594
10015,512,93583,182.779297
10016,512,88375,172.607422
10017,512,87667,171.224609
10018,512,86625,169.189453
10019,512,87792,171.468750
10020,512,89708,175.210938
10021,512,88792,173.421875
10022,512,87250,170.410156
10023,512,87875,171.630859
10024,512,88042,171.957031
10025,512,94833,185.220703
10026,512,88458,172.769531
10027,512,87625,171.142578
10028,512,90708,177.164062
10029,512,87917,171.712891
10030,512,87042,170.003906
10031,512,90333,176.431641
10032,512,88083,172.037109
10033,512,88417,172.689453
10034,512,87333,170.572266
10035,512,108083,211.099609
10036,512,114875,224.365234
10037,512,90250,176.269531
10038,512,87750,171.386719
10039,512,88292,172.445312
10040,512,85167,166.341797
10041,512,89792,175.375000
10042,512,87042,170.003906
10043,512,86708,169.351562
10044,512,86541,169.025391
10045,512,87292,170.492188
10046,512,89500,174.804688
10047,512,87791,171.466797
10048,512,88042,171.957031
10049,512,83417,162.923828
10050,512,87958,171.792969
10051,512,85917,167.806641
10052,512,90250,176.269531
10053,512,87917,171.712891
10054,512,86750,169.433594
10055,512,89291,174.396484
10056,512,88000,171.875000
10057,512,89125,174.072266
10058,512,85625,167.236328
10059,512,90375,176.513672
10060,512,87500,170.898438
10061,512,88250,172.363281
10062,512,88708,173.257812
10063,512,87959,171.794922
10064,512,88458,172.769531
10065,512,90000,175.781250
10066,512,89125,174.072266
10067,512,93416,182.453125
10068,512,116458,227.457031
10069,512,90000,175.781250
10070,512,85792,167.562500
10071,512,96125,187.744141
10072,512,89708,175.210938
10073,512,94167,183.919922
10074,512,100625,196.533203
10075,512,91917,179.525391
10076,512,95166,185.871094
10077,512,98667,192.708984
10078,512,101958,199.136719
10079,512,99917,195.150391
10080,512,100458,196.207031
10081,512,97000,189.453125
10082,512,99083,193.521484
10083,512,99375,194.091797
10084,512,104500,204.101562
10085,512,100250,195.800781
10086,512,104541,204.181641
10087,512,109542,213.949219
10088,512,101666,198.566406
10089,512,116084,226.726562
10090,512,97375,190.185547
10091,512,97375,190.185547
10092,512,120209,234.783203
10093,512,98792,192.953125
10094,512,109458,213.785156
10095,512,111250,217.285156
10096,512,113500,221.679688
10097,512,100708,196.695312
10098,512,96250,187.988281
10099,512,110958,216.714844
10100,512,94917,185.384766
10101,512,93542,182.699219
10102,512,92791,181.232422
10103,512,93958,183.511719
10104,512,93875,183.349609
10105,512,91459,178.630859
10106,512,92208,180.093750
10107,512,93291,182.208984
10108,512,94708,184.976562
10109,512,94000,183.593750
10110,512,98333,192.056641
10111,512,91584,178.875000
10112,512,92666,180.988281
10113,512,99334,194.011719
10114,512,92958,181.558594
10115,512,94666,184.894531
10116,512,92667,180.990234
10117,512,93875,183.349609
10118,512,93125,181.884766
10119,512,92125,179.931641
10120,512,95042,185.628906
10121,512,91166,178.058594
10122,512,94500,184.570312
10123,512,116042,226.644531
10124,512,114000,222.656250
10125,512,92500,180.664062
10126,512,92084,179.851562
10127,512,91083,177.896484
10128,512,91375,178.466797
10129,512,91084,177.898438
10130,512,94541,184.650391
10131,512,88875,173.583984
10132,512,91625,178.955078
10133,512,90250,176.269531
10134,512,94000,183.593750
10135,512,104958,204.996094
10136,512,89500,174.804688
10137,512,94166,183.917969
10138,512,91542,178.792969
10139,512,89000,173.828125
10140,512,91583,178.873047
10141,512,89625,175.048828
10142,512,89750,175.292969
10143,512,90542,176.839844
10144,512,92458,180.582031
10145,512,88166,172.199219
10146,512,87625,171.142578
10147,512,92584,180.828125
10148,512,91250,178.222656
10149,512,91500,178.710938
10150,512,87166,170.246094
10151,512,91542,178.792969
10152,512,87166,170.246094
10153,512,90375,176.513672
10154,512,89000,173.828125
10155,512,87667,171.224609
10156,512,89791,175.373047
10157,512,89459,174.724609
10158,512,93584,182.781250
10159,512,90666,177.082031
10160,512,89084,173.992188
10161,512,90541,176.837891
10162,512,93084,181.804688
10163,512,88500,172.851562
10164,512,87000,169.921875
10165,512,89459,174.724609
10166,512,95000,185.546875
10167,512,119917,234.212891
10168,512,125208,244.546875
10169,512,122042,238.363281
10170,512,132083,257.974609
10171,512,233625,456.298828
10172,512,148833,290.689453
10173,512,132000,257.812500
10174,512,122416,239.093750
10175,512,117292,229.085938
10176,512,123625,241.455078
10177,512,124000,242.187500
10178,512,117416,229.328125
10179,512,117542,229.574219
10180,512,108875,212.646484
10181,512,107833,210.611328
10182,512,109000,212.890625
10183,512,111292,217.367188
10184,512,113250,221.191406
10185,512,106000,207.031250
10186,512,109292,213.460938
10187,512,112417,219.564453
10188,512,108375,211.669922
10189,512,134292,262.289062
10190,512,121041,236.408203
10191,512,117792,230.062500
10192,512,128375,250.732422
10193,512,126667,247.396484
10194,512,120417,235.189453
10195,512,128583,251.138672
10196,512,129083,252.115234
10197,512,118958,232.339844
10198,512,140875,275.146484
10199,512,119333,233.072266
10200,512,118167,230.794922
10201,512,121333,236.978516
10202,512,125834,245.769531
10203,512,257459,502.849609
10204,512,144958,283.121094
10205,512,138042,269.613281
10206,512,137708,268.960938
10207,512,135792,265.218750
10208,512,132833,259.439453
10209,512,126458,246.988281
10210,512,125167,244.466797
10211,512,124250,242.675781
10212,512,125583,245.279297
10213,512,127625,249.267578
10214,512,163500,319.335938
10215,512,156916,306.476562
10216,512,153042,298.910156
10217,512,156250,305.175781
10218,512,130291,254.474609
10219,512,127333,248.697266
10220,512,134667,263.021484
10221,512,131833,257.486328
10222,512,208334,406.902344
10223,512,195000,380.859375
10224,512,183542,358.480469
10225,512,173542,338.949219
10226,512,149708,292.398438
10227,512,165750,323.730469
10228,512,329916,644.367188
10229,512,174167,340.169922
10230,512,152500,297.851562
10231,512,154209,301.189453
10232,512,141166,275.714844
10233,512,134833,263.345703
10234,512,137000,267.578125
10235,512,127958,249.917969
10236,512,158375,309.326172
10237,512,171458,334.878906
10238,512,142875,279.052734
10239,512,136625,266.845703
10240,512,137167,267.904297
10241,512,134708,263.101562
10242,512,137584,268.718750
10243,512,206542,403.402344
10244,512,172833,337.564453
10245,512,165334,322.917969
10246,512,208583,407.388672
10247,512,146167,285.482422
10248,512,142833,278.970703
10249,512,154292,301.351562
10250,512,144541,282.306641
10251,512,144583,282.388672
10252,512,136958,267.496094
10253,512,145459,284.099609
10254,512,139666,272.785156
10255,512,152708,298.257812
10256,512,153334,299.480469
10257,512,138000,269.531250
10258,512,136375,266.357422
10259,512,132958,259.683594
10260,512,194625,380.126953
10261,512,166583,325.357422
10262,512,145292,283.773438
10263,512,141625,276.611328
10264,512,138917,271.322266
10265,512,140000,273.437500
10266,512,139042,271.566406
10267,512,140875,275.146484
10268,512,142083,277.505859
10269,512,144333,281.900391
10270,512,148708,290.445312
10271,512,137333,268.228516
10272,512,142667,278.646484
10273,512,146458,286.050781
10274,512,147917,288.900391
10275,512,150291,293.537109
10276,512,148042,289.144531
10277,512,143416,280.109375
10278,512,148875,290.771484
10279,512,128375,250.732422
10280,512,142584,278.484375
10281,512,143459,280.193359
10282,512,125625,245.361328
10283,512,125541,245.197266
10284,512,131042,255.941406
10285,512,130917,255.697266
10286,512,129083,252.115234
10287,512,123500,241.210938
10288,512,119875,234.130859
10289,512,118458,231.363281
10290,512,118208,230.875000
10291,512,120333,235.025391
10292,512,129500,252.929688
10293,512,144583,282.388672
10294,512,137333,268.228516
10295,512,132083,257.974609
10296,512,129958,253.824219
10297,512,129167,252.279297
10298,512,122708,239.664062
10299,512,126583,247.232422
10300,512,122084,238.445312
10301,512,122542,239.339844
10302,512,123792,241.781250
10303,512,122541,239.337891
10304,512,129917,253.744141
10305,512,129583,253.091797
10306,512,122542,239.339844
10307,512,127167,248.373047
10308,512,128708,251.382812
10309,512,122625,239.501953
10310,512,121917,238.119141
10311,512,122625,239.501953
10312,512,115666,225.910156
10313,512,117375,229.248047
10314,512,127041,248.126953
10315,512,199334,389.324219
10316,512,303916,593.585938
10317,512,224917,439.291016
10318,512,215416,420.734375
10319,512,174459,340.740234
10320,512,162375,317.138672
10321,512,178584,348.796875
10322,512,182709,356.853516
10323,512,186333,363.931641
10324,512,195625,382.080078
10325,512,178875,349.365234
10326,512,169125,330.322266
10327,512,188667,368.490234
10328,512,161041,314.533203
10329,512,181292,354.085938
10330,512,176625,344.970703
10331,512,190458,371.988281
10332,512,182167,355.794922
10333,512,184125,359.619141
10334,512,204875,400.146484
10335,512,209709,409.587891
10336,512,232584,454.265625
10337,512,224625,438.720703
10338,512,227500,444.335938
10339,512,246625,481.689453
10340,512,249250,486.816406
10341,512,231084,451.335938
10342,512,228708,446.695312
10343,512,208958,408.121094
10344,512,234542,458.089844
10345,512,221208,432.046875
10346,512,209083,408.365234
10347,512,202875,396.240234
10348,512,206541,403.400391
10349,512,198292,387.289062
10350,512,192166,375.324219
10351,512,188500,368.164062
10352,512,190084,371.257812
10353,512,193084,377.117188
10354,512,187875,366.943359
10355,512,171416,334.796875
10356,512,181917,355.306641
10357,512,172000,335.937500
10358,512,237750,464.355469
10359,512,128875,251.708984
10360,512,119625,233.642578
10361,512,118708,231.851562
10362,512,121708,237.710938
10363,512,122084,238.445312
10364,512,125375,244.873047
10365,512,128542,251.058594
10366,512,126541,247.150391
10367,512,121167,236.654297
10368,512,177167,346.029297
10369,512,269500,526.367188
10370,512,239625,468.017578
10371,512,232500,454.101562
10372,512,228333,445.962891
10373,512,202625,395.751953
10374,512,197708,386.148438
10375,512,190417,371.908203
10376,512,162292,316.976562
10377,512,200834,392.253906
10378,512,196791,384.357422
10379,512,182959,357.341797
10380,512,184125,359.619141
10381,512,186000,363.281250
10382,512,187208,365.640625
10383,512,180167,351.888672
10384,512,189250,369.628906
10385,512,168417,328.939453
10386,512,185083,361.490234
10387,512,174541,340.900391
10388,512,180584,352.703125
10389,512,170916,333.820312
10390,512,171209,334.392578
10391,512,172250,336.425781
10392,512,159708,311.929688
10393,512,169250,330.566406
10394,512,167875,327.880859
10395,512,174125,340.087891
10396,512,157417,307.455078
10397,512,162125,316.650391
10398,512,168375,328.857422
10399,512,163666,319.660156
10400,512,181958,355.386719
10401,512,152292,297.445312
10402,512,152875,298.583984
10403,512,167250,326.660156
10404,512,149375,291.748047
10405,512,184625,360.595703
10406,512,170750,333.496094
10407,512,157375,307.373047
10408,512,163750,319.824219
10409,512,161916,316.242188
10410,512,161917,316.244141
10411,512,163500,319.335938
10412,512,166333,324.869141
10413,512,168000,328.125000
10414,512,154750,302.246094
10415,512,153375,299.560547
10416,512,156708,306.070312
10417,512,175917,343.587891
10418,512,157750,308.105469
10419,512,165458,323.160156
10420,512,161875,316.162109
10421,512,159458,311.441406
10422,512,157667,307.943359
10423,512,147250,287.597656
10424,512,154250,301.269531
10425,512,161125,314.697266
10426,512,165583,323.404297
10427,512,174709,341.228516
10428,512,170250,332.519531
10429,512,156583,305.826172
10430,512,172750,337.402344
10431,512,184917,361.166016
10432,512,173959,339.763672
10433,512,168208,328.531250
10434,512,145500,284.179688
10435,512,161208,314.859375
10436,512,160125,312.744141
10437,512,152750,298.339844
10438,512,153750,300.292969
10439,512,164167,320.638672
10440,512,156292,305.257812
10441,512,159708,311.929688
10442,512,155000,302.734375
10443,512,142083,277.505859
10444,512,153417,299.642578
10445,512,141833,277.017578
10446,512,159458,311.441406
10447,512,153667,300.130859
10448,512,146875,286.865234
10449,512,139833,273.111328
10450,512,143875,281.005859
10451,512,153000,298.828125
10452,512,149125,291.259766
10453,512,137250,268.066406
10454,512,150209,293.376953
10455,512,138750,270.996094
10456,512,132958,259.683594
10457,512,147458,288.003906
10458,512,156250,305.175781
10459,512,165417,323.080078
10460,512,137667,268.880859
10461,512,132625,259.033203
10462,512,144500,282.226562
10463,512,139292,272.054688
10464,512,145167,283.529297
10465,512,138208,269.937500
10466,512,142125,277.587891
10467,512,132625,259.033203
10468,512,140459,274.333984
10469,512,134125,261.962891
10470,512,132500,258.789062
10471,512,151125,295.166016
10472,512,134833,263.345703
10473,512,134125,261.962891
10474,512,138916,271.320312
10475,512,144750,282.714844
10476,512,123958,242.105469
10477,512,142125,277.587891
10478,512,139416,272.296875
10479,512,137459,268.474609
10480,512,127542,249.105469
10481,512,133875,261.474609
10482,512,120375,235.107422
10483,512,135375,264.404297
10484,512,124875,243.896484
10485,512,148292,289.632812
10486,512,130500,254.882812
10487,512,137959,269.451172
10488,512,130958,255.777344
10489,512,138875,271.240234
10490,512,139208,271.890625
10491,512,154833,302.408203
10492,512,135375,264.404297
10493,512,151875,296.630859
10494,512,136208,266.031250
10495,512,140792,274.984375
10496,512,134083,261.880859
10497,512,131584,257.000000
10498,512,130667,255.208984
10499,512,135500,264.648438
10500,512,126375,246.826172
10501,512,132209,258.220703
10502,512,135417,264.486328
10503,512,134208,262.125000
10504,512,129667,253.255859
10505,512,137875,269.287109
10506,512,137834,269.207031
10507,512,135583,264.810547
10508,512,135833,265.298828
10509,512,178042,347.738281
10510,512,156416,305.500000
10511,512,140625,274.658203
10512,512,148167,289.388672
10513,512,164250,320.800781
10514,512,160791,314.044922
10515,512,137833,269.205078
10516,512,136000,265.625000
10517,512,142542,278.402344
10518,512,141250,275.878906
10519,512,158708,309.976562
10520,512,135666,264.972656
10521,512,133000,259.765625
10522,512,134083,261.880859
10523,512,128000,250.000000
10524,512,142792,278.890625
10525,512,126750,247.558594
10526,512,144084,281.414062
10527,512,132000,257.812500
10528,512,139584,272.625000
10529,512,136541,266.681641
10530,512,135625,264.892578
10531,512,122291,238.849609
10532,512,127875,249.755859
10533,512,122416,239.093750
10534,512,127042,248.128906
10535,512,127292,248.617188
10536,512,121625,237.548828
10537,512,125791,245.685547
10538,512,133792,261.312500
10539,512,124375,242.919922
10540,512,122042,238.363281
10541,512,118208,230.875000
10542,512,121583,237.466797
10543,512,123375,240.966797
10544,512,126417,246.908203
10545,512,123000,240.234375
10546,512,127875,249.755859
10547,512,127500,249.023438
10548,512,132583,258.951172
10549,512,124542,243.246094
10550,512,130666,255.207031
10551,512,123375,240.966797
10552,512,129417,252.767578
10553,512,124042,242.269531
10554,512,131417,256.673828
10555,512,125958,246.011719
10556,512,126250,246.582031
10557,512,122667,239.583984
10558,512,134416,262.531250
10559,512,122000,238.281250
10560,512,118542,231.527344
10561,512,114541,223.712891
10562,512,117167,228.841797
10563,512,127750,249.511719
10564,512,130750,255.371094
10565,512,115083,224.771484
10566,512,122459,239.177734
10567,512,120666,235.675781
10568,512,121417,237.142578
10569,512,121417,237.142578
10570,512,121292,236.898438
10571,512,121333,236.978516
10572,512,119875,234.130859
10573,512,118375,231.201172
10574,512,112625,219.970703
10575,512,119959,234.294922
10576,512,119500,233.398438
10577,512,122916,240.070312
10578,512,120625,235.595703
10579,512,113042,220.785156
10580,512,110625,216.064453
10581,512,117917,230.306641
10582,512,110083,215.005859
10583,512,117375,229.248047
10584,512,123292,240.804688
10585,512,138583,270.669922
10586,512,127417,248.861328
10587,512,117834,230.144531
10588,512,111833,218.423828
10589,512,111542,217.855469
10590,512,114291,223.224609
10591,512,109417,213.705078
10592,512,112500,219.726562
10593,512,113375,221.435547
10594,512,107167,209.310547
10595,512,118333,231.119141
10596,512,118000,230.468750
10597,512,110500,215.820312
10598,512,108541,211.994141
10599,512,111792,218.343750
10600,512,120292,234.945312
10601,512,114583,223.794922
10602,512,113542,221.761719
10603,512,103209,201.580078
10604,512,110875,216.552734
10605,512,111959,218.669922
10606,512,113334,221.355469
10607,512,115916,226.398438
10608,512,105542,206.136719
10609,512,113125,220.947266
10610,512,114500,223.632812
10611,512,113083,220.865234
10612,512,106000,207.031250
10613,512,113917,222.494141
10614,512,106916,208.820312
10615,512,103667,202.474609
10616,512,102208,199.625000
10617,512,109000,212.890625
10618,512,102125,199.462891
10619,512,102583,200.357422
10620,512,111042,216.878906
10621,512,108708,212.320312
10622,512,110292,215.414062
10623,512,103875,202.880859
10624,512,103959,203.044922
10625,512,103875,202.880859
10626,512,106042,207.113281
10627,512,100541,196.369141
10628,512,101583,198.404297
10629,512,113792,222.250000
10630,512,99917,195.150391
10631,512,104167,203.451172
10632,512,102917,201.009766
10633,512,100875,197.021484
10634,512,101000,197.265625
10635,512,104250,203.613281
10636,512,99209,193.767578
10637,512,99167,193.685547
10638,512,107625,210.205078
10639,512,103458,202.066406
10640,512,111417,217.611328
10641,512,102458,200.113281
10642,512,103333,201.822266
10643,512,97583,190.591797
10644,512,113792,222.250000
10645,512,102791,200.763672
10646,512,109333,213.541016
10647,512,105417,205.892578
10648,512,105791,206.623047
10649,512,96917,189.291016
10650,512,108250,211.425781
10651,512,102917,201.009766
10652,512,101292,197.835938
10653,512,112250,219.238281
10654,512,105833,206.705078
10655,512,102416,200.031250
10656,512,106958,208.902344
10657,512,100375,196.044922
10658,512,105708,206.460938
10659,512,102750,200.683594
10660,512,108125,211.181641
10661,512,104208,203.531250
10662,512,131084,256.023438
10663,512,122291,238.849609
10664,512,103500,202.148438
10665,512,101750,198.730469
10666,512,107500,209.960938
10667,512,113792,222.250000
10668,512,106167,207.357422
10669,512,109583,214.029297
10670,512,100291,195.880859
10671,512,99875,195.068359
10672,512,99917,195.150391
10673,512,97792,191.000000
10674,512,98625,192.626953
10675,512,120375,235.107422
10676,512,132625,259.033203
10677,512,120125,234.619141
10678,512,114125,222.900391
10679,512,112625,219.970703
10680,512,103625,202.392578
10681,512,102042,199.300781
10682,512,102083,199.380859
10683,512,111083,216.958984
10684,512,106291,207.599609
10685,512,101125,197.509766
10686,512,106209,207.439453
10687,512,102042,199.300781
10688,512,100708,196.695312
10689,512,105333,205.728516
10690,512,104292,203.695312
10691,512,103584,202.312500
10692,512,106875,208.740234
10693,512,103917,202.962891
10694,512,103166,201.496094
10695,512,99750,194.824219
10696,512,102375,199.951172
10697,512,98667,192.708984
10698,512,107875,210.693359
10699,512,107042,209.066406
10700,512,104750,204.589844
10701,512,102666,200.519531
10702,512,102417,200.033203
10703,512,110042,214.925781
10704,512,102750,200.683594
10705,512,99250,193.847656
10706,512,100959,197.185547
10707,512,105250,205.566406
10708,512,105166,205.402344
10709,512,101875,198.974609
10710,512,105833,206.705078
10711,512,100875,197.021484
10712,512,100875,197.021484
10713,512,100208,195.718750
10714,512,104250,203.613281
10715,512,103625,202.392578
10716,512,101916,199.054688
10717,512,101125,197.509766
10718,512,100292,195.882812
10719,512,105208,205.484375
10720,512,99792,194.906250
10721,512,104708,204.507812
10722,512,104333,203.775391
10723,512,106250,207.519531
10724,512,97125,189.697266
10725,512,97416,190.265625
10726,512,100875,197.021484
10727,512,103041,201.251953
10728,512,102750,200.683594
10729,512,107709,210.369141
10730,512,100542,196.371094
10731,512,103375,201.904297
10732,512,97208,189.859375
10733,512,104250,203.613281
10734,512,102833,200.845703
10735,512,104458,204.019531
10736,512,101417,198.080078
10737,512,104583,204.263672
10738,512,97667,190.755859
10739,512,98166,191.730469
10740,512,93542,182.699219
10741,512,108208,211.343750
10742,512,130083,254.068359
10743,512,114417,223.470703
10744,512,100250,195.800781
10745,512,102375,199.951172
10746,512,95250,186.035156
10747,512,96167,187.826172
10748,512,97084,189.617188
10749,512,96917,189.291016
10750,512,94958,185.464844
10751,512,98459,192.302734
10752,512,101834,198.894531
10753,512,96459,188.396484
10754,512,95041,185.626953
10755,512,95084,185.710938
10756,512,97042,189.535156
10757,512,98417,192.220703
10758,512,104458,204.019531
10759,512,100750,196.777344
10760,512,101583,198.404297
10761,512,95250,186.035156
10762,512,93125,181.884766
10763,512,94542,184.652344
10764,512,102416,200.031250
10765,512,100167,195.638672
10766,512,111042,216.878906
10767,512,96042,187.582031
10768,512,98292,191.976562
10769,512,95792,187.093750
10770,512,96417,188.314453
10771,512,94375,184.326172
10772,512,96875,189.208984
10773,512,95833,187.173828
10774,512,93750,183.105469
10775,512,97625,190.673828
10776,512,97209,189.861328
10777,512,96750,188.964844
10778,512,101750,198.730469
10779,512,100042,195.394531
10780,512,94250,184.082031
10781,512,95083,185.708984
10782,512,102375,199.951172
10783,512,97666,190.753906
10784,512,95584,186.687500
10785,512,98834,193.035156
10786,512,94291,184.162109
10787,512,94084,183.757812
10788,512,99375,194.091797
10789,512,94292,184.164062
10790,512,93042,181.722656
10791,512,93000,181.640625
10792,512,94000,183.593750
10793,512,93292,182.210938
10794,512,91750,179.199219
10795,512,94709,184.978516
10796,512,96666,188.800781
10797,512,101834,198.894531
10798,512,98958,193.277344
10799,512,93125,181.884766
10800,512,96750,188.964844
10801,512,90708,177.164062
10802,512,96167,187.826172
10803,512,95334,186.199219
10804,512,92833,181.314453
10805,512,92875,181.396484
10806,512,96666,188.800781
10807,512,97042,189.535156
10808,512,94125,183.837891
10809,512,93917,183.431641
10810,512,96375,188.232422
10811,512,94791,185.138672
10812,512,92000,179.687500
10813,512,91417,178.548828
10814,512,95375,186.279297
10815,512,93166,181.964844
10816,512,93750,183.105469
10817,512,93125,181.884766
10818,512,93167,181.966797
10819,512,94167,183.919922
10820,512,103042,201.253906
10821,512,94709,184.978516
10822,512,94041,183.673828
10823,512,96167,187.826172
10824,512,93458,182.535156
10825,512,100375,196.044922
10826,512,92542,180.746094
10827,512,93000,181.640625
10828,512,112875,220.458984
10829,512,113834,222.332031
10830,512,97708,190.835938
10831,512,96375,188.232422
10832,512,94333,184.244141
10833,512,95209,185.955078
10834,512,93500,182.617188
10835,512,99000,193.359375
10836,512,96583,188.638672
10837,512,96458,188.394531
10838,512,92167,180.013672
10839,512,96667,188.802734
10840,512,95916,187.335938
10841,512,97917,191.244141
10842,512,96584,188.640625
10843,512,95500,186.523438
10844,512,96041,187.580078
10845,512,97625,190.673828
10846,512,104083,203.287109
10847,512,92833,181.314453
10848,512,98667,192.708984
10849,512,100375,196.044922
10850,512,94500,184.570312
10851,512,97916,191.242188
10852,512,92334,180.339844
10853,512,95084,185.710938
10854,512,91666,179.035156
10855,512,94542,184.652344
10856,512,96583,188.638672
10857,512,94417,184.408203
10858,512,98291,191.974609
10859,512,100084,195.476562
10860,512,96000,187.500000
10861,512,97291,190.021484
10862,512,103417,201.986328
10863,512,99375,194.091797
10864,512,100083,195.474609
10865,512,98666,192.707031
10866,512,101250,197.753906
10867,512,100458,196.207031
10868,512,99209,193.767578
10869,512,99792,194.906250
10870,512,101458,198.160156
10871,512,101292,197.835938
10872,512,95416,186.359375
10873,512,104542,204.183594
10874,512,99458,194.253906
10875,512,99083,193.521484
10876,512,98667,192.708984
10877,512,97958,191.324219
10878,512,98208,191.812500
10879,512,97833,191.080078
10880,512,98917,193.197266
10881,512,103666,202.472656
10882,512,168125,328.369141
10883,512,116208,226.968750
10884,512,113000,220.703125
10885,512,107917,210.775391
10886,512,131209,256.267578
10887,512,115459,225.505859
10888,512,109208,213.296875
10889,512,111625,218.017578
10890,512,110458,215.738281
10891,512,103583,202.310547
10892,512,106417,207.845703
10893,512,106875,208.740234
10894,512,110750,216.308594
10895,512,104125,203.369141
10896,512,107750,210.449219
10897,512,108625,212.158203
10898,512,105875,206.787109
10899,512,106417,207.845703
10900,512,109125,213.134766
10901,512,106333,207.681641
10902,512,106084,207.195312
10903,512,106167,207.357422
10904,512,105167,205.404297
10905,512,102292,199.789062
10906,512,101583,198.404297
10907,512,106333,207.681641
10908,512,102709,200.603516
10909,512,119541,233.478516
10910,512,120667,235.677734
10911,512,103916,202.960938
10912,512,100750,196.777344
10913,512,102334,199.871094
10914,512,103625,202.392578
10915,512,103833,202.798828
10916,512,100083,195.474609
10917,512,101042,197.347656
10918,512,99583,194.498047
10919,512,105083,205.240234
10920,512,100542,196.371094
10921,512,98459,192.302734
10922,512,113125,220.947266
10923,512,101500,198.242188
10924,512,102708,200.601562
10925,512,96459,188.396484
10926,512,99458,194.253906
10927,512,100042,195.394531
10928,512,97583,190.591797
10929,512,98625,192.626953
10930,512,99833,194.986328
10931,512,96750,188.964844
10932,512,97625,190.673828
10933,512,105583,206.216797
10934,512,98417,192.220703
10935,512,99708,194.742188
10936,512,101916,199.054688
10937,512,101709,198.650391
10938,512,94792,185.140625
10939,512,99083,193.521484
10940,512,96125,187.744141
10941,512,103916,202.960938
10942,512,98584,192.546875
10943,512,96000,187.500000
10944,512,96000,187.500000
10945,512,98209,191.814453
10946,512,97166,189.777344
10947,512,96583,188.638672
10948,512,97334,190.105469
10949,512,96000,187.500000
10950,512,102291,199.787109
10951,512,98292,191.976562
10952,512,96875,189.208984
10953,512,98709,192.791016
10954,512,96250,187.988281
10955,512,97958,191.324219
10956,512,94292,184.164062
10957,512,104208,203.531250
10958,512,98958,193.277344
10959,512,97667,190.755859
10960,512,97541,190.509766
10961,512,94584,184.734375
10962,512,98000,191.406250
10963,512,100875,197.021484
10964,512,91500,178.710938
10965,512,92750,181.152344
10966,512,98708,192.789062
10967,512,93584,182.781250
10968,512,99666,194.660156
10969,512,93000,181.640625
10970,512,92875,181.396484
10971,512,96708,188.882812
10972,512,94375,184.326172
10973,512,91750,179.199219
10974,512,91459,178.630859
10975,512,90500,176.757812
10976,512,92750,181.152344
10977,512,91667,179.037109
10978,512,94375,184.326172
10979,512,93625,182.861328
10980,512,91916,179.523438
10981,512,96209,187.908203
10982,512,92208,180.093750
10983,512,93292,182.210938
10984,512,96375,188.232422
10985,512,103625,202.392578
10986,512,99291,193.927734
10987,512,92542,180.746094
10988,512,95416,186.359375
10989,512,93125,181.884766
10990,512,95542,186.605469
10991,512,94125,183.837891
10992,512,97250,189.941406
10993,512,106333,207.681641
10994,512,103917,202.962891
10995,512,104084,203.289062
10996,512,100041,195.392578
10997,512,101500,198.242188
10998,512,106292,207.601562
10999,512,98875,193.115234
11000,512,98458,192.300781
11001,512,95333,186.197266
11002,512,98250,191.894531
11003,512,96542,188.558594
11004,512,93458,182.535156
11005,512,99666,194.660156
11006,512,95917,187.337891
11007,512,94875,185.302734
11008,512,92583,180.826172
11009,512,93834,183.269531
11010,512,93958,183.511719
11011,512,94833,185.220703
11012,512,95084,185.710938
11013,512,94416,184.406250
11014,512,96500,188.476562
11015,512,93125,181.884766
11016,512,92625,180.908203
11017,512,97042,189.535156
11018,512,99250,193.847656
11019,512,92125,179.931641
11020,512,96125,187.744141
11021,512,92084,179.851562
11022,512,97291,190.021484
11023,512,107417,209.798828
11024,512,91166,178.058594
11025,512,93000,181.640625
11026,512,90917,177.572266
11027,512,92125,179.931641
11028,512,100916,197.101562
11029,512,111583,217.935547
11030,512,97833,191.080078
11031,512,92917,181.478516
11032,512,92583,180.826172
11033,512,92500,180.664062
11034,512,93041,181.720703
11035,512,94167,183.919922
11036,512,91959,179.607422
11037,512,95541,186.603516
11038,512,87542,170.980469
11039,512,96167,187.826172
11040,512,92125,179.931641
11041,512,94041,183.673828
11042,512,93292,182.210938
11043,512,93334,182.292969
11044,512,92709,181.072266
11045,512,93250,182.128906
11046,512,90167,176.107422
11047,512,91541,178.791016
11048,512,91042,177.816406
11049,512,92125,179.931641
11050,512,93500,182.617188
11051,512,91958,179.605469
11052,512,91500,178.710938
11053,512,95625,186.767578
11054,512,92458,180.582031
11055,512,90584,176.921875
11056,512,92334,180.339844
11057,512,95625,186.767578
11058,512,92500,180.664062
11059,512,93208,182.046875
11060,512,91875,179.443359
11061,512,93333,182.291016
11062,512,94250,184.082031
11063,512,91083,177.896484
11064,512,91958,179.605469
11065,512,92333,180.337891
11066,512,90750,177.246094
11067,512,91166,178.058594
11068,512,93417,182.455078
11069,512,90583,176.919922
11070,512,91875,179.443359
11071,512,91875,179.443359
11072,512,96542,188.558594
11073,512,89708,175.210938
11074,512,91583,178.873047
11075,512,95750,187.011719
11076,512,86959,169.841797
11077,512,90667,177.083984
11078,512,92708,181.070312
11079,512,92000,179.687500
11080,512,90292,176.351562
11081,512,93333,182.291016
11082,512,91208,178.140625
11083,512,91917,179.525391
11084,512,94042,183.675781
11085,512,91916,179.523438
11086,512,92708,181.070312
11087,512,93250,182.128906
11088,512,92417,180.501953
11089,512,94416,184.406250
11090,512,91833,179.361328
11091,512,90959,177.654297
11092,512,91541,178.791016
11093,512,94459,184.490234
11094,512,90375,176.513672
11095,512,93000,181.640625
11096,512,93084,181.804688
11097,512,90791,177.326172
11098,512,90334,176.433594
11099,512,93875,183.349609
11100,512,91083,177.896484
11101,512,91792,179.281250
11102,512,91041,177.814453
11103,512,87958,171.792969
11104,512,89000,173.828125
11105,512,91750,179.199219
11106,512,89458,174.722656
11107,512,88792,173.421875
11108,512,89666,175.128906
11109,512,89750,175.292969
11110,512,89667,175.130859
11111,512,90500,176.757812
11112,512,87709,171.306641
11113,512,87833,171.548828
11114,512,93125,181.884766
11115,512,92625,180.908203
11116,512,90208,176.187500
11117,512,91292,178.304688
11118,512,96042,187.582031
11119,512,88416,172.687500
11120,512,90083,175.943359
11121,512,95292,186.117188
11122,512,90750,177.246094
11123,512,90500,176.757812
11124,512,88666,173.175781
11125,512,92667,180.990234
11126,512,91250,178.222656
11127,512,90458,176.675781
11128,512,89917,175.619141
11129,512,91708,179.117188
11130,512,91000,177.734375
11131,512,91375,178.466797
11132,512,88750,173.339844
11133,512,85500,166.992188
11134,512,90459,176.677734
11135,512,92958,181.558594
11136,512,90333,176.431641
11137,512,87959,171.794922
11138,512,89833,175.455078
11139,512,91583,178.873047
11140,512,91292,178.304688
11141,512,92000,179.687500
11142,512,89959,175.701172
11143,512,88417,172.689453
11144,512,92458,180.582031
11145,512,88625,173.095703
11146,512,87125,170.166016
11147,512,90458,176.675781
11148,512,89500,174.804688
11149,512,90292,176.351562
11150,512,89833,175.455078
11151,512,91083,177.896484
11152,512,102459,200.115234
11153,512,90084,175.945312
11154,512,93291,182.208984
11155,512,91000,177.734375
11156,512,89250,174.316406
11157,512,91084,177.898438
11158,512,92875,181.396484
11159,512,89084,173.992188
11160,512,89750,175.292969
11161,512,91458,178.628906
11162,512,90000,175.781250
11163,512,90042,175.863281
11164,512,97416,190.265625
11165,512,89709,175.212891
11166,512,88583,173.013672
11167,512,90708,177.164062
11168,512,89083,173.990234
11169,512,92375,180.419922
11170,512,87833,171.548828
11171,512,89166,174.152344
11172,512,90917,177.572266
11173,512,88417,172.689453
11174,512,91500,178.710938
11175,512,92041,179.767578
11176,512,89750,175.292969
11177,512,89000,173.828125
11178,512,91833,179.361328
11179,512,101583,198.404297
11180,512,98084,191.570312
11181,512,89708,175.210938
11182,512,88875,173.583984
11183,512,90792,177.328125
11184,512,94208,184.000000
11185,512,95500,186.523438
11186,512,90208,176.187500
11187,512,90042,175.863281
11188,512,96625,188.720703
11189,512,89666,175.128906
11190,512,87125,170.166016
11191,512,89750,175.292969
11192,512,90666,177.082031
11193,512,90000,175.781250
11194,512,91292,178.304688
11195,512,92292,180.257812
11196,512,96917,189.291016
11197,512,87459,170.818359
11198,512,90833,177.408203
11199,512,88458,172.769531
11200,512,92375,180.419922
11201,512,111709,218.181641
11202,512,98709,192.791016
11203,512,90041,175.861328
11204,512,90792,177.328125
11205,512,92000,179.687500
11206,512,94209,184.001953
11207,512,91875,179.443359
11208,512,91125,177.978516
11209,512,97042,189.535156
11210,512,96541,188.556641
11211,512,92792,181.234375
11212,512,94667,184.896484
11213,512,97167,189.779297
11214,512,99000,193.359375
11215,512,97375,190.185547
11216,512,119041,232.501953
11217,512,116167,226.888672
11218,512,118500,231.445312
11219,512,104416,203.937500
11220,512,104625,204.345703
11221,512,120125,234.619141
11222,512,110333,215.494141
11223,512,105500,206.054688
11224,512,106958,208.902344
11225,512,119083,232.583984
11226,512,117250,229.003906
11227,512,118125,230.712891
11228,512,134333,262.369141
11229,512,121333,236.978516
11230,512,116709,227.947266
11231,512,124333,242.837891
11232,512,108500,211.914062
11233,512,120333,235.025391
11234,512,109667,214.193359
11235,512,106625,208.251953
11236,512,107125,209.228516
11237,512,106083,207.193359
11238,512,105875,206.787109
11239,512,102208,199.625000
11240,512,105500,206.054688
11241,512,108833,212.564453
11242,512,103167,201.498047
11243,512,107458,209.878906
11244,512,109250,213.378906
11245,512,103041,201.251953
11246,512,107375,209.716797
11247,512,110792,216.390625
11248,512,102000,199.218750
11249,512,103417,201.986328
11250,512,102250,199.707031
11251,512,103583,202.310547
11252,512,110333,215.494141
11253,512,104000,203.125000
11254,512,106166,207.355469
11255,512,107584,210.125000
11256,512,101208,197.671875
11257,512,102375,199.951172
11258,512,108375,211.669922
11259,512,102208,199.625000
11260,512,105292,205.648438
11261,512,102541,200.275391
11262,512,99042,193.441406
11263,512,99541,194.416016
11264,512,101334,197.917969
11265,512,103041,201.251953
11266,512,103042,201.253906
11267,512,100083,195.474609
11268,512,101333,197.916016
11269,512,103750,202.636719
11270,512,101709,198.650391
11271,512,113916,222.492188
11272,512,106792,208.578125
11273,512,99291,193.927734
11274,512,100917,197.103516
11275,512,99917,195.150391
11276,512,100041,195.392578
11277,512,103209,201.580078
11278,512,102542,200.277344
11279,512,98375,192.138672
11280,512,98917,193.197266
11281,512,101709,198.650391
11282,512,95041,185.626953
11283,512,98250,191.894531
11284,512,97542,190.511719
11285,512,100125,195.556641
11286,512,96458,188.394531
11287,512,102000,199.218750
11288,512,100250,195.800781
11289,512,99583,194.498047
11290,512,98958,193.277344
11291,512,95042,185.628906
11292,512,102041,199.298828
11293,512,97292,190.023438
11294,512,98666,192.707031
11295,512,94667,184.896484
11296,512,99625,194.580078
11297,512,97666,190.753906
11298,512,93875,183.349609
11299,512,96041,187.580078
11300,512,95584,186.687500
11301,512,94375,184.326172
11302,512,91834,179.363281
11303,512,96375,188.232422
11304,512,93834,183.269531
11305,512,94000,183.593750
11306,512,92917,181.478516
11307,512,92083,179.849609
11308,512,93833,183.267578
11309,512,101000,197.265625
11310,512,92542,180.746094
11311,512,94166,183.917969
11312,512,99292,193.929688
11313,512,96292,188.070312
11314,512,96875,189.208984
11315,512,97958,191.324219
11316,512,90583,176.919922
11317,512,93042,181.722656
11318,512,94916,185.382812
11319,512,91667,179.037109
11320,512,93459,182.537109
11321,512,95167,185.873047
11322,512,92208,180.093750
11323,512,90000,175.781250
11324,512,94708,184.976562
11325,512,97459,190.349609
11326,512,89750,175.292969
11327,512,91666,179.035156
11328,512,94709,184.978516
11329,512,91500,178.710938
11330,512,91959,179.607422
11331,512,96291,188.068359
11332,512,95209,185.955078
11333,512,90958,177.652344
11334,512,97875,191.162109
11335,512,111250,217.285156
11336,512,99708,194.742188
11337,512,91250,178.222656
11338,512,93250,182.128906
11339,512,93125,181.884766
11340,512,94584,184.734375
11341,512,93125,181.884766
11342,512,92791,181.232422
11343,512,93542,182.699219
11344,512,99917,195.150391
11345,512,99458,194.253906
11346,512,92417,180.501953
11347,512,94375,184.326172
11348,512,96000,187.500000
11349,512,93833,183.267578
11350,512,94000,183.593750
11351,512,94166,183.917969
11352,512,97417,190.267578
11353,512,89542,174.886719
11354,512,91125,177.978516
11355,512,92209,180.095703
11356,512,92375,180.419922
11357,512,94917,185.384766
11358,512,91083,177.896484
11359,512,92708,181.070312
11360,512,91584,178.875000
11361,512,93000,181.640625
11362,512,90500,176.757812
11363,512,93959,183.513672
11364,512,97166,189.777344
11365,512,91000,177.734375
11366,512,93584,182.781250
11367,512,96875,189.208984
11368,512,92416,180.500000
11369,512,93792,183.187500
11370,512,91958,179.605469
11371,512,90625,177.001953
11372,512,92625,180.908203
11373,512,94125,183.837891
11374,512,92542,180.746094
11375,512,94792,185.140625
11376,512,94875,185.302734
11377,512,96500,188.476562
11378,512,108041,211.017578
11379,512,91209,178.142578
11380,512,91833,179.361328
11381,512,92375,180.419922
11382,512,91541,178.791016
11383,512,91208,178.140625
11384,512,90542,176.839844
11385,512,90958,177.652344
11386,512,90458,176.675781
11387,512,91292,178.304688
11388,512,89500,174.804688
11389,512,96000,187.500000
11390,512,90750,177.246094
11391,512,94375,184.326172
11392,512,91500,178.710938
11393,512,92875,181.396484
11394,512,92375,180.419922
11395,512,93166,181.964844
11396,512,88958,173.746094
11397,512,92375,180.419922
11398,512,91333,178.384766
11399,512,91417,178.548828
11400,512,91416,178.546875
11401,512,90084,175.945312
11402,512,89458,174.722656
11403,512,90792,177.328125
11404,512,93459,182.537109
11405,512,90791,177.326172
11406,512,96000,187.500000
11407,512,94750,185.058594
11408,512,93042,181.722656
11409,512,88458,172.769531
11410,512,92125,179.931641
11411,512,88542,172.933594
11412,512,89625,175.048828
11413,512,93750,183.105469
11414,512,94667,184.896484
11415,512,88375,172.607422
11416,512,90584,176.921875
11417,512,92792,181.234375
11418,512,88458,172.769531
11419,512,89542,174.886719
11420,512,91416,178.546875
11421,512,98834,193.035156
11422,512,92750,181.152344
11423,512,92792,181.234375
11424,512,91875,179.443359
11425,512,87375,170.654297
11426,512,89083,173.990234
11427,512,88875,173.583984
11428,512,91417,178.548828
11429,512,91125,177.978516
11430,512,88458,172.769531
11431,512,87417,170.736328
11432,512,89291,174.396484
11433,512,92833,181.314453
11434,512,91458,178.628906
11435,512,88750,173.339844
11436,512,89167,174.154297
11437,512,92875,181.396484
11438,512,89042,173.910156
11439,512,89708,175.210938
11440,512,88958,173.746094
11441,512,88167,172.201172
11442,512,91917,179.525391
11443,512,89417,174.642578
11444,512,92291,180.255859
11445,512,89500,174.804688
11446,512,90584,176.921875
11447,512,89125,174.072266
11448,512,89500,174.804688
11449,512,87000,169.921875
11450,512,90584,176.921875
11451,512,89458,174.722656
11452,512,90333,176.431641
11453,512,88042,171.957031
11454,512,91708,179.117188
11455,512,88042,171.957031
11456,512,87875,171.630859
11457,512,94584,184.734375
11458,512,88208,172.281250
11459,512,88750,173.339844
11460,512,88833,173.501953
11461,512,89208,174.234375
11462,512,92250,180.175781
11463,512,90708,177.164062
11464,512,92333,180.337891
11465,512,87375,170.654297
11466,512,88875,173.583984
11467,512,97708,190.835938
11468,512,88833,173.501953
11469,512,89958,175.699219
11470,512,92917,181.478516
11471,512,89292,174.398438
11472,512,88666,173.175781
11473,512,89083,173.990234
11474,512,87459,170.818359
11475,512,88000,171.875000
11476,512,90292,176.351562
11477,512,90375,176.513672
11478,512,88916,173.664062
11479,512,92459,180.583984
11480,512,88541,172.931641
11481,512,88500,172.851562
11482,512,87750,171.386719
11483,512,90917,177.572266
11484,512,89667,175.130859
11485,512,93833,183.267578
11486,512,86833,169.595703
11487,512,91000,177.734375
11488,512,86458,168.863281
11489,512,87875,171.630859
11490,512,87375,170.654297
11491,512,86125,168.212891
11492,512,83791,163.654297
11493,512,86292,168.539062
11494,512,88167,172.201172
11495,512,88708,173.257812
11496,512,89834,175.457031
11497,512,89750,175.292969
11498,512,89208,174.234375
11499,512,91166,178.058594
11500,512,89708,175.210938
11501,512,87625,171.142578
11502,512,85500,166.992188
11503,512,87250,170.410156
11504,512,87875,171.630859
11505,512,87583,171.060547
11506,512,87667,171.224609
11507,512,89917,175.619141
11508,512,87791,171.466797
11509,512,87209,170.330078
11510,512,88083,172.037109
11511,512,89625,175.048828
11512,512,87166,170.246094
11513,512,87375,170.654297
11514,512,93583,182.779297
11515,512,88667,173.177734
11516,512,86250,168.457031
11517,512,86458,168.863281
11518,512,88167,172.201172
11519,512,87250,170.410156
11520,512,87166,170.246094
11521,512,91625,178.955078
11522,512,90792,177.328125
11523,512,89417,174.642578
11524,512,102333,199.869141
11525,512,91000,177.734375
11526,512,89000,173.828125
11527,512,91042,177.816406
11528,512,90417,176.595703
11529,512,85541,167.072266
11530,512,90000,175.781250
11531,512,93958,183.511719
11532,512,87792,171.468750
11533,512,89250,174.316406
11534,512,93750,183.105469
11535,512,87000,169.921875
11536,512,88958,173.746094
11537,512,89459,174.724609
11538,512,94333,184.244141
11539,512,90042,175.863281
11540,512,89417,174.642578
11541,512,88000,171.875000
11542,512,90000,175.781250
11543,512,90000,175.781250
11544,512,89958,175.699219
11545,512,88583,173.013672
11546,512,91375,178.466797
11547,512,90250,176.269531
11548,512,90792,177.328125
11549,512,92125,179.931641
11550,512,91250,178.222656
11551,512,88625,173.095703
11552,512,88583,173.013672
11553,512,89042,173.910156
11554,512,89791,175.373047
11555,512,91875,179.443359
11556,512,91334,178.386719
11557,512,92459,180.583984
11558,512,113916,222.492188
11559,512,93833,183.267578
11560,512,96917,189.291016
11561,512,92500,180.664062
11562,512,90708,177.164062
11563,512,90958,177.652344
11564,512,93250,182.128906
11565,512,97000,189.453125
11566,512,98167,191.732422
11567,512,94084,183.757812
11568,512,101334,197.917969
11569,512,99959,195.232422
11570,512,104250,203.613281
11571,512,103584,202.312500
11572,512,104750,204.589844
11573,512,108417,211.751953
11574,512,110000,214.843750
11575,512,106958,208.902344
11576,512,115459,225.505859
11577,512,102750,200.683594
11578,512,115917,226.400391
11579,512,105375,205.810547
11580,512,100250,195.800781
11581,512,114208,223.062500
11582,512,116583,227.701172
11583,512,95333,186.197266
11584,512,100917,197.103516
11585,512,108292,211.507812
11586,512,106125,207.275391
11587,512,102792,200.765625
11588,512,99583,194.498047
11589,512,97375,190.185547
11590,512,98333,192.056641
11591,512,96875,189.208984
11592,512,104750,204.589844
11593,512,94541,184.650391
11594,512,98167,191.732422
11595,512,96291,188.068359
11596,512,91709,179.119141
11597,512,99667,194.662109
11598,512,101792,198.812500
11599,512,94583,184.732422
11600,512,94292,184.164062
11601,512,102208,199.625000
11602,512,95167,185.873047
11603,512,93833,183.267578
11604,512,109750,214.355469
11605,512,91584,178.875000
11606,512,94708,184.976562
11607,512,96375,188.232422
11608,512,95167,185.873047
11609,512,93959,183.513672
11610,512,95333,186.197266
11611,512,93667,182.943359
11612,512,92875,181.396484
11613,512,93208,182.046875
11614,512,94791,185.138672
11615,512,94625,184.814453
11616,512,91542,178.792969
11617,512,95791,187.091797
11618,512,96459,188.396484
11619,512,92416,180.500000
11620,512,93709,183.025391
11621,512,91583,178.873047
11622,512,95041,185.626953
11623,512,89917,175.619141
11624,512,93917,183.431641
11625,512,91000,177.734375
11626,512,93959,183.513672
11627,512,93416,182.453125
11628,512,94334,184.246094
11629,512,92666,180.988281
11630,512,95208,185.953125
11631,512,96334,188.152344
11632,512,92084,179.851562
11633,512,91541,178.791016
11634,512,92625,180.908203
11635,512,92625,180.908203
11636,512,94083,183.755859
11637,512,94375,184.326172
11638,512,91042,177.816406
11639,512,95583,186.685547
11640,512,94500,184.570312
11641,512,90917,177.572266
11642,512,92667,180.990234
11643,512,90916,177.570312
11644,512,91459,178.630859
11645,512,93750,183.105469
11646,512,100459,196.208984
11647,512,92459,180.583984
11648,512,92875,181.396484
11649,512,92291,180.255859
11650,512,95042,185.628906
11651,512,90000,175.781250
11652,512,92792,181.234375
11653,512,95500,186.523438
11654,512,95916,187.335938
11655,512,92125,179.931641
11656,512,91250,178.222656
11657,512,95250,186.035156
11658,512,94375,184.326172
11659,512,91166,178.058594
11660,512,91834,179.363281
11661,512,92541,180.744141
11662,512,93584,182.781250
11663,512,94792,185.140625
11664,512,90875,177.490234
11665,512,91458,178.628906
11666,512,90125,176.025391
11667,512,93292,182.210938
11668,512,90416,176.593750
11669,512,88917,173.666016
11670,512,92875,181.396484
11671,512,87417,170.736328
11672,512,92917,181.478516
11673,512,91167,178.060547
11674,512,88875,173.583984
11675,512,89875,175.537109
11676,512,87875,171.630859
11677,512,90375,176.513672
11678,512,88209,172.283203
11679,512,90916,177.570312
11680,512,89459,174.724609
11681,512,90416,176.593750
11682,512,87625,171.142578
11683,512,87958,171.792969
11684,512,88875,173.583984
11685,512,89541,174.884766
11686,512,89583,174.966797
11687,512,88875,173.583984
11688,512,87042,170.003906
11689,512,90041,175.861328
11690,512,96709,188.884766
11691,512,99583,194.498047
11692,512,89458,174.722656
11693,512,88542,172.933594
11694,512,88250,172.363281
11695,512,94458,184.488281
11696,512,89333,174.478516
11697,512,88417,172.689453
11698,512,87917,171.712891
11699,512,96583,188.638672
11700,512,90208,176.187500
11701,512,88125,172.119141
11702,512,91583,178.873047
11703,512,87709,171.306641
11704,512,86333,168.619141
11705,512,89375,174.560547
11706,512,88542,172.933594
11707,512,88125,172.119141
11708,512,92208,180.093750
11709,512,90084,175.945312
11710,512,86583,169.107422
11711,512,88917,173.666016
11712,512,88583,173.013672
11713,512,89625,175.048828
11714,512,89042,173.910156
11715,512,89083,173.990234
11716,512,93583,182.779297
11717,512,89583,174.966797
11718,512,89625,175.048828
11719,512,87167,170.248047
11720,512,88708,173.257812
11721,512,87833,171.548828
11722,512,87208,170.328125
11723,512,90417,176.595703
11724,512,87583,171.060547
11725,512,87167,170.248047
11726,512,89208,174.234375
11727,512,91667,179.037109
11728,512,91125,177.978516
11729,512,92500,180.664062
11730,512,90167,176.107422
11731,512,89333,174.478516
11732,512,89250,174.316406
11733,512,88500,172.851562
11734,512,88333,172.525391
11735,512,85333,166.666016
11736,512,91667,179.037109
11737,512,89125,174.072266
11738,512,95834,187.175781
11739,512,99084,193.523438
11740,512,110750,216.308594
11741,512,91417,178.548828
11742,512,89208,174.234375
11743,512,90292,176.351562
11744,512,90459,176.677734
11745,512,87584,171.062500
11746,512,91292,178.304688
11747,512,90375,176.513672
11748,512,87292,170.492188
11749,512,90250,176.269531
11750,512,89875,175.537109
11751,512,89417,174.642578
11752,512,89500,174.804688
11753,512,90000,175.781250
11754,512,87000,169.921875
11755,512,87958,171.792969
11756,512,87875,171.630859
11757,512,88917,173.666016
11758,512,87042,170.003906
11759,512,87167,170.248047
11760,512,90333,176.431641
11761,512,87500,170.898438
11762,512,88125,172.119141
11763,512,88167,172.201172
11764,512,87500,170.898438
11765,512,86917,169.759766
11766,512,91333,178.384766
11767,512,87708,171.304688
11768,512,88000,171.875000
11769,512,88125,172.119141
11770,512,90708,177.164062
11771,512,90167,176.107422
11772,512,89458,174.722656
11773,512,89042,173.910156
11774,512,90125,176.025391
11775,512,86459,168.865234
11776,512,89916,175.617188
11777,512,87584,171.062500
11778,512,87208,170.328125
11779,512,91125,177.978516
11780,512,88708,173.257812
11781,512,86084,168.132812
11782,512,87375,170.654297
11783,512,90042,175.863281
11784,512,92583,180.826172
11785,512,86500,168.945312
11786,512,88459,172.771484
11787,512,89750,175.292969
11788,512,89834,175.457031
11789,512,87500,170.898438
11790,512,86958,169.839844
11791,512,85458,166.910156
11792,512,87500,170.898438
11793,512,86708,169.351562
11794,512,90125,176.025391
11795,512,86917,169.759766
11796,512,88833,173.501953
11797,512,86375,168.701172
11798,512,88458,172.769531
11799,512,86500,168.945312
11800,512,86916,169.757812
11801,512,88709,173.259766
11802,512,92334,180.339844
11803,512,86458,168.863281
11804,512,88500,172.851562
11805,512,87583,171.060547
11806,512,89250,174.316406
11807,512,89208,174.234375
11808,512,87667,171.224609
11809,512,89959,175.701172
11810,512,88000,171.875000
11811,512,96083,187.662109
11812,512,86375,168.701172
11813,512,86291,168.537109
11814,512,88375,172.607422
11815,512,85792,167.562500
11816,512,88333,172.525391
11817,512,86125,168.212891
11818,512,87500,170.898438
11819,512,87292,170.492188
11820,512,83625,163.330078
11821,512,89833,175.455078
11822,512,92083,179.849609
11823,512,85250,166.503906
11824,512,88083,172.037109
11825,512,87125,170.166016
11826,512,89458,174.722656
11827,512,87584,171.062500
11828,512,85750,167.480469
11829,512,88416,172.687500
11830,512,86459,168.865234
11831,512,89791,175.373047
11832,512,89500,174.804688
11833,512,88334,172.527344
11834,512,90833,177.408203
11835,512,85542,167.074219
11836,512,86250,168.457031
11837,512,87833,171.548828
11838,512,83542,163.167969
11839,512,86708,169.351562
11840,512,85250,166.503906
11841,512,87084,170.085938
11842,512,85875,167.724609
11843,512,87625,171.142578
11844,512,90417,176.595703
11845,512,83500,163.085938
11846,512,86000,167.968750
11847,512,86167,168.294922
11848,512,84792,165.609375
11849,512,90708,177.164062
11850,512,84000,164.062500
11851,512,85291,166.583984
11852,512,87709,171.306641
11853,512,87209,170.330078
11854,512,86541,169.025391
11855,512,83959,163.982422
11856,512,86750,169.433594
11857,512,84750,165.527344
11858,512,83917,163.900391
11859,512,87292,170.492188
11860,512,85833,167.642578
11861,512,84333,164.712891
11862,512,86292,168.539062
11863,512,84583,165.201172
11864,512,85042,166.097656
11865,512,84958,165.933594
11866,512,88458,172.769531
11867,512,88500,172.851562
11868,512,87958,171.792969
11869,512,88875,173.583984
11870,512,85750,167.480469
11871,512,85708,167.398438
11872,512,84583,165.201172
11873,512,84417,164.876953
11874,512,86333,168.619141
11875,512,85000,166.015625
11876,512,84666,165.363281
11877,512,84750,165.527344
11878,512,85167,166.341797
11879,512,86583,169.107422
11880,512,90333,176.431641
11881,512,84667,165.365234
11882,512,87292,170.492188
11883,512,84459,164.958984
11884,512,86792,169.515625
11885,512,85708,167.398438
11886,512,90042,175.863281
11887,512,85875,167.724609
11888,512,86666,169.269531
11889,512,85417,166.830078
11890,512,84000,164.062500
11891,512,88041,171.955078
11892,512,86167,168.294922
11893,512,85959,167.888672
11894,512,87125,170.166016
11895,512,88250,172.363281
11896,512,84625,165.283203
11897,512,85291,166.583984
11898,512,89125,174.072266
11899,512,87792,171.468750
11900,512,86791,169.513672
11901,512,87875,171.630859
11902,512,84917,165.853516
11903,512,88000,171.875000
11904,512,86709,169.353516
11905,512,88209,172.283203
11906,512,85791,167.560547
11907,512,87292,170.492188
11908,512,91542,178.792969
11909,512,87250,170.410156
11910,512,84875,165.771484
11911,512,86042,168.050781
11912,512,86708,169.351562
11913,512,84666,165.363281
11914,512,87750,171.386719
11915,512,88917,173.666016
11916,512,86542,169.027344
11917,512,88000,171.875000
11918,512,99584,194.500000
11919,512,105750,206.542969
11920,512,91625,178.955078
11921,512,90583,176.919922
11922,512,99792,194.906250
11923,512,91667,179.037109
11924,512,90417,176.595703
11925,512,89417,174.642578
11926,512,97083,189.615234
11927,512,98584,192.546875
11928,512,90208,176.187500
11929,512,92208,180.093750
11930,512,97417,190.267578
11931,512,90042,175.863281
11932,512,106500,208.007812
11933,512,93375,182.373047
11934,512,96583,188.638672
11935,512,98541,192.462891
11936,512,98834,193.035156
11937,512,110625,216.064453
11938,512,106416,207.843750
11939,512,100583,196.451172
11940,512,102167,199.544922
11941,512,101959,199.138672
11942,512,112917,220.541016
11943,512,98250,191.894531
11944,512,112416,219.562500
11945,512,114042,222.738281
11946,512,105041,205.158203
11947,512,103000,201.171875
11948,512,122167,238.607422
11949,512,95916,187.335938
11950,512,92459,180.583984
11951,512,105666,206.378906
11952,512,115667,225.912109
11953,512,94917,185.384766
11954,512,95500,186.523438
11955,512,90834,177.410156
11956,512,92791,181.232422
11957,512,94792,185.140625
11958,512,91000,177.734375
11959,512,94125,183.837891
11960,512,95708,186.929688
11961,512,92833,181.314453
11962,512,92209,180.095703
11963,512,92458,180.582031
11964,512,90666,177.082031
11965,512,91459,178.630859
11966,512,90917,177.572266
11967,512,90583,176.919922
11968,512,91792,179.281250
11969,512,94083,183.755859
11970,512,89458,174.722656
11971,512,90709,177.166016
11972,512,89667,175.130859
11973,512,90042,175.863281
11974,512,91875,179.443359
11975,512,97041,189.533203
11976,512,91167,178.060547
11977,512,93541,182.697266
11978,512,89250,174.316406
11979,512,90750,177.246094
11980,512,90583,176.919922
11981,512,91959,179.607422
11982,512,91834,179.363281
11983,512,90333,176.431641
11984,512,90125,176.025391
11985,512,91959,179.607422
11986,512,92458,180.582031
11987,512,93625,182.861328
11988,512,87667,171.224609
11989,512,90666,177.082031
11990,512,90334,176.433594
11991,512,92709,181.072266
11992,512,89417,174.642578
11993,512,91291,178.302734
11994,512,91708,179.117188
11995,512,88667,173.177734
11996,512,93125,181.884766
11997,512,92541,180.744141
11998,512,92042,179.769531
11999,512,87333,170.572266
12000,512,89500,174.804688
12001,512,89917,175.619141
12002,512,89375,174.560547
12003,512,92333,180.337891
12004,512,89542,174.886719
12005,512,87250,170.410156
12006,512,91917,179.525391
12007,512,88708,173.257812
12008,512,90625,177.001953
12009,512,87334,170.574219
12010,512,88208,172.281250
12011,512,89625,175.048828
12012,512,90417,176.595703
12013,512,94750,185.058594
12014,512,90292,176.351562
12015,512,95833,187.173828
12016,512,91000,177.734375
12017,512,91167,178.060547
12018,512,86708,169.351562
12019,512,92125,179.931641
12020,512,86917,169.759766
12021,512,91042,177.816406
12022,512,87750,171.386719
12023,512,88083,172.037109
12024,512,87542,170.980469
12025,512,89500,174.804688
12026,512,87666,171.222656
12027,512,86959,169.841797
12028,512,86584,169.109375
12029,512,85542,167.074219
12030,512,86875,169.677734
12031,512,88958,173.746094
12032,512,84292,164.632812
12033,512,89958,175.699219
12034,512,93584,182.781250
12035,512,88166,172.199219
12036,512,89708,175.210938
12037,512,87500,170.898438
12038,512,87833,171.548828
12039,512,88083,172.037109
12040,512,89916,175.617188
12041,512,92083,179.849609
12042,512,87084,170.085938
12043,512,90333,176.431641
12044,512,85500,166.992188
12045,512,86583,169.107422
12046,512,86042,168.050781
12047,512,87250,170.410156
12048,512,89542,174.886719
12049,512,85792,167.562500
12050,512,86625,169.189453
12051,512,86542,169.027344
12052,512,88958,173.746094
12053,512,91458,178.628906
12054,512,87792,171.468750
12055,512,86791,169.513672
12056,512,88417,172.689453
12057,512,91458,178.628906
12058,512,97500,190.429688
12059,512,93459,182.537109
12060,512,89166,174.152344
12061,512,85750,167.480469
12062,512,93375,182.373047
12063,512,88958,173.746094
12064,512,84750,165.527344
12065,512,89000,173.828125
12066,512,95500,186.523438
12067,512,85750,167.480469
12068,512,86500,168.945312
12069,512,87000,169.921875
12070,512,88333,172.525391
12071,512,86083,168.130859
12072,512,87875,171.630859
12073,512,87833,171.548828
12074,512,88458,172.769531
12075,512,87375,170.654297
12076,512,86708,169.351562
12077,512,91208,178.140625
12078,512,87083,170.083984
12079,512,89083,173.990234
12080,512,87583,171.060547
12081,512,85708,167.398438
12082,512,86917,169.759766
12083,512,87875,171.630859
12084,512,88125,172.119141
12085,512,83958,163.980469
12086,512,85667,167.318359
12087,512,85625,167.236328
12088,512,84834,165.691406
12089,512,84834,165.691406
12090,512,86833,169.595703
12091,512,83916,163.898438
12092,512,85292,166.585938
12093,512,85000,166.015625
12094,512,87709,171.306641
12095,512,85041,166.095703
12096,512,83167,162.435547
12097,512,84958,165.933594
12098,512,89334,174.480469
12099,512,86875,169.677734
12100,512,87250,170.410156
12101,512,89917,175.619141
12102,512,86708,169.351562
12103,512,85959,167.888672
12104,512,87459,170.818359
12105,512,86000,167.968750
12106,512,84541,165.119141
12107,512,87167,170.248047
12108,512,87583,171.060547
12109,512,86084,168.132812
12110,512,93000,181.640625
12111,512,96333,188.150391
12112,512,100875,197.021484
12113,512,84000,164.062500
12114,512,85333,166.666016
12115,512,90125,176.025391
12116,512,88458,172.769531
12117,512,87334,170.574219
12118,512,86209,168.376953
12119,512,84833,165.689453
12120,512,83458,163.003906
12121,512,85125,166.259766
12122,512,86334,168.621094
12123,512,85417,166.830078
12124,512,84958,165.933594
12125,512,87958,171.792969
12126,512,85292,166.585938
12127,512,86625,169.189453
12128,512,85333,166.666016
12129,512,90167,176.107422
12130,512,86875,169.677734
12131,512,85417,166.830078
12132,512,87167,170.248047
12133,512,89500,174.804688
12134,512,85791,167.560547
12135,512,85542,167.074219
12136,512,85750,167.480469
12137,512,84375,164.794922
12138,512,85250,166.503906
12139,512,87625,171.142578
12140,512,86875,169.677734
12141,512,85750,167.480469
12142,512,86333,168.619141
12143,512,85167,166.341797
12144,512,85083,166.177734
12145,512,84416,164.875000
12146,512,84292,164.632812
12147,512,92625,180.908203
12148,512,87000,169.921875
12149,512,86666,169.269531
12150,512,87750,171.386719
12151,512,88417,172.689453
12152,512,84500,165.039062
12153,512,91708,179.117188
12154,512,84500,165.039062
12155,512,85125,166.259766
12156,512,87459,170.818359
12157,512,90333,176.431641
12158,512,89625,175.048828
12159,512,87000,169.921875
12160,512,86667,169.271484
12161,512,84583,165.201172
12162,512,87708,171.304688
12163,512,86208,168.375000
12164,512,88208,172.281250
12165,512,85834,167.644531
12166,512,88000,171.875000
12167,512,87000,169.921875
12168,512,85542,167.074219
12169,512,86333,168.619141
12170,512,89916,175.617188
12171,512,85250,166.503906
12172,512,88125,172.119141
12173,512,88167,172.201172
12174,512,87875,171.630859
12175,512,85667,167.318359
12176,512,93500,182.617188
12177,512,86125,168.212891
12178,512,90166,176.105469
12179,512,85375,166.748047
12180,512,87208,170.328125
12181,512,85500,166.992188
12182,512,85500,166.992188
12183,512,87375,170.654297
12184,512,85541,167.072266
12185,512,87792,171.468750
12186,512,85416,166.828125
12187,512,84792,165.609375
12188,512,87375,170.654297
12189,512,83791,163.654297
12190,512,87167,170.248047
12191,512,87791,171.466797
12192,512,86042,168.050781
12193,512,86041,168.048828
12194,512,87334,170.574219
12195,512,87417,170.736328
12196,512,84625,165.283203
12197,512,85208,166.421875
12198,512,83458,163.003906
12199,512,85250,166.503906
12200,512,84292,164.632812
12201,512,84875,165.771484
12202,512,91666,179.035156
12203,512,84542,165.121094
12204,512,86417,168.783203
12205,512,91500,178.710938
12206,512,90459,176.677734
12207,512,85750,167.480469
12208,512,86541,169.025391
12209,512,87292,170.492188
12210,512,84375,164.794922
12211,512,84417,164.876953
12212,512,85042,166.097656
12213,512,85750,167.480469
12214,512,87042,170.003906
12215,512,85791,167.560547
12216,512,86250,168.457031
12217,512,84375,164.794922
12218,512,85625,167.236328
12219,512,85459,166.912109
12220,512,82583,161.294922
12221,512,87708,171.304688
12222,512,86666,169.269531
12223,512,86875,169.677734
12224,512,85167,166.341797
12225,512,84792,165.609375
12226,512,86541,169.025391
12227,512,84084,164.226562
12228,512,83084,162.273438
12229,512,86791,169.513672
12230,512,86167,168.294922
12231,512,89000,173.828125
12232,512,86250,168.457031
12233,512,85375,166.748047
12234,512,83541,163.166016
12235,512,86083,168.130859
12236,512,82292,160.726562
12237,512,86000,167.968750
12238,512,86709,169.353516
12239,512,87250,170.410156
12240,512,86000,167.968750
12241,512,85375,166.748047
12242,512,86334,168.621094
12243,512,86000,167.968750
12244,512,84834,165.691406
12245,512,84125,164.306641
12246,512,84458,164.957031
12247,512,91792,179.281250
12248,512,85625,167.236328
12249,512,86625,169.189453
12250,512,86375,168.701172
12251,512,85333,166.666016
12252,512,86208,168.375000
12253,512,85583,167.154297
12254,512,93000,181.640625
12255,512,84583,165.201172
12256,512,85458,166.910156
12257,512,84584,165.203125
12258,512,86125,168.212891
12259,512,82708,161.539062
12260,512,85500,166.992188
12261,512,86042,168.050781
12262,512,86083,168.130859
12263,512,89167,174.154297
12264,512,84916,165.851562
12265,512,85500,166.992188
12266,512,85417,166.830078
12267,512,87417,170.736328
12268,512,83875,163.818359
12269,512,85459,166.912109
12270,512,87083,170.083984
12271,512,85542,167.074219
12272,512,84334,164.714844
12273,512,84334,164.714844
12274,512,86708,169.351562
12275,512,86583,169.107422
12276,512,86333,168.619141
12277,512,88375,172.607422
12278,512,86667,169.271484
12279,512,86333,168.619141
12280,512,84500,165.039062
12281,512,86750,169.433594
12282,512,85166,166.339844
12283,512,84750,165.527344
12284,512,89375,174.560547
12285,512,90459,176.677734
12286,512,88416,172.687500
12287,512,86459,168.865234
12288,512,85167,166.341797
12289,512,86833,169.595703
12290,512,87417,170.736328
12291,512,84917,165.853516
12292,512,86291,168.537109
12293,512,86000,167.968750
12294,512,87625,171.142578
12295,512,86083,168.130859
12296,512,85458,166.910156
12297,512,86792,169.515625
12298,512,85541,167.072266
12299,512,107084,209.148438
12300,512,97916,191.242188
12301,512,87667,171.224609
12302,512,93833,183.267578
12303,512,86625,169.189453
12304,512,86625,169.189453
12305,512,96750,188.964844
12306,512,88917,173.666016
12307,512,97250,189.941406
12308,512,91792,179.281250
12309,512,91167,178.060547
12310,512,97042,189.535156
12311,512,101625,198.486328
12312,512,104875,204.833984
12313,512,106250,207.519531
12314,512,110500,215.820312
12315,512,105750,206.542969
12316,512,103834,202.800781
12317,512,111583,217.935547
12318,512,96542,188.558594
12319,512,110750,216.308594
12320,512,110500,215.820312
12321,512,106334,207.683594
12322,512,102166,199.542969
12323,512,128042,250.082031
12324,512,94041,183.673828
12325,512,94584,184.734375
12326,512,119708,233.804688
12327,512,109958,214.761719
12328,512,92958,181.558594
12329,512,92292,180.257812
12330,512,92417,180.501953
12331,512,93250,182.128906
12332,512,98667,192.708984
12333,512,97500,190.429688
12334,512,93125,181.884766
12335,512,91791,179.279297
12336,512,94542,184.652344
12337,512,95959,187.419922
12338,512,95625,186.767578
12339,512,89917,175.619141
12340,512,91833,179.361328
12341,512,93084,181.804688
12342,512,93041,181.720703
12343,512,89958,175.699219
12344,512,99375,194.091797
12345,512,90375,176.513672
12346,512,92167,180.013672
12347,512,90958,177.652344
12348,512,89417,174.642578
12349,512,91500,178.710938
12350,512,94625,184.814453
12351,512,90459,176.677734
12352,512,90541,176.837891
12353,512,89375,174.560547
12354,512,90917,177.572266
12355,512,91959,179.607422
12356,512,87875,171.630859
12357,512,93708,183.023438
12358,512,87292,170.492188
12359,512,88042,171.957031
12360,512,91041,177.814453
12361,512,88042,171.957031
12362,512,88208,172.281250
12363,512,88875,173.583984
12364,512,87833,171.548828
12365,512,89209,174.236328
12366,512,88416,172.687500
12367,512,88208,172.281250
12368,512,92792,181.234375
12369,512,89125,174.072266
12370,512,88416,172.687500
12371,512,94750,185.058594
12372,512,87958,171.792969
12373,512,87792,171.468750
12374,512,91083,177.896484
12375,512,90666,177.082031
12376,512,89834,175.457031
12377,512,87125,170.166016
12378,512,88125,172.119141
12379,512,88791,173.419922
12380,512,89875,175.537109
12381,512,89000,173.828125
12382,512,88833,173.501953
12383,512,88459,172.771484
12384,512,88666,173.175781
12385,512,89167,174.154297
12386,512,85959,167.888672
12387,512,89041,173.908203
12388,512,88459,172.771484
12389,512,87875,171.630859
12390,512,95459,186.443359
12391,512,89625,175.048828
12392,512,86125,168.212891
12393,512,88333,172.525391
12394,512,92083,179.849609
12395,512,89250,174.316406
12396,512,90417,176.595703
12397,512,92667,180.990234
12398,512,98541,192.462891
12399,512,88667,173.177734
12400,512,86083,168.130859
12401,512,86875,169.677734
12402,512,87959,171.794922
12403,512,87250,170.410156
12404,512,88916,173.664062
12405,512,88584,173.015625
12406,512,93041,181.720703
12407,512,87834,171.550781
12408,512,91375,178.466797
12409,512,90958,177.652344
12410,512,87833,171.548828
12411,512,86792,169.515625
12412,512,87792,171.468750
12413,512,85625,167.236328
12414,512,88375,172.607422
12415,512,88333,172.525391
12416,512,91500,178.710938
12417,512,85625,167.236328
12418,512,86459,168.865234
12419,512,89375,174.560547
12420,512,87833,171.548828
12421,512,87542,170.980469
12422,512,86083,168.130859
12423,512,87583,171.060547
12424,512,87250,170.410156
12425,512,89750,175.292969
12426,512,86791,169.513672
12427,512,87625,171.142578
12428,512,88542,172.933594
12429,512,88792,173.421875
12430,512,88083,172.037109
12431,512,90083,175.943359
12432,512,96958,189.371094
12433,512,94125,183.837891
12434,512,95083,185.708984
12435,512,97750,190.917969
12436,512,95667,186.849609
12437,512,111666,218.097656
12438,512,89917,175.619141
12439,512,89333,174.478516
12440,512,105542,206.136719
12441,512,88375,172.607422
12442,512,88250,172.363281
12443,512,90542,176.839844
12444,512,87375,170.654297
12445,512,88958,173.746094
12446,512,90083,175.943359
12447,512,93125,181.884766
12448,512,87708,171.304688
12449,512,86625,169.189453
12450,512,90667,177.083984
12451,512,90333,176.431641
12452,512,102625,200.439453
12453,512,89125,174.072266
12454,512,90958,177.652344
12455,512,85041,166.095703
12456,512,88209,172.283203
12457,512,87291,170.490234
12458,512,90125,176.025391
12459,512,89625,175.048828
12460,512,87709,171.306641
12461,512,87542,170.980469
12462,512,88667,173.177734
12463,512,89125,174.072266
12464,512,86750,169.433594
12465,512,85584,167.156250
12466,512,86250,168.457031
12467,512,90333,176.431641
12468,512,86292,168.539062
12469,512,87292,170.492188
12470,512,89208,174.234375
12471,512,86209,168.376953
12472,512,89083,173.990234
12473,512,87833,171.548828
12474,512,88292,172.445312
12475,512,84792,165.609375
12476,512,89625,175.048828
12477,512,88083,172.037109
12478,512,89917,175.619141
12479,512,87833,171.548828
12480,512,87584,171.062500
12481,512,84583,165.201172
12482,512,92000,179.687500
12483,512,90792,177.328125
12484,512,88541,172.931641
12485,512,103125,201.416016
12486,512,94917,185.384766
12487,512,86708,169.351562
12488,512,86917,169.759766
12489,512,84875,165.771484
12490,512,86084,168.132812
12491,512,86833,169.595703
12492,512,87125,170.166016
12493,512,87208,170.328125
12494,512,86959,169.841797
12495,512,87042,170.003906
12496,512,88041,171.955078
12497,512,86125,168.212891
12498,512,87292,170.492188
12499,512,85500,166.992188
12500,512,85750,167.480469
12501,512,86250,168.457031
12502,512,87166,170.246094
12503,512,84584,165.203125
12504,512,85791,167.560547
12505,512,86792,169.515625
12506,512,86666,169.269531
12507,512,86333,168.619141
12508,512,83250,162.597656
12509,512,88417,172.689453
12510,512,87333,170.572266
12511,512,87375,170.654297
12512,512,88333,172.525391
12513,512,85375,166.748047
12514,512,87208,170.328125
12515,512,86792,169.515625
12516,512,86833,169.595703
12517,512,87792,171.468750
12518,512,86292,168.539062
12519,512,86250,168.457031
12520,512,85959,167.888672
12521,512,87250,170.410156
12522,512,84125,164.306641
12523,512,85542,167.074219
12524,512,86208,168.375000
12525,512,88250,172.363281
12526,512,87250,170.410156
12527,512,85833,167.642578
12528,512,85166,166.339844
12529,512,86208,168.375000
12530,512,87125,170.166016
12531,512,94292,184.164062
12532,512,87292,170.492188
12533,512,86833,169.595703
12534,512,84000,164.062500
12535,512,86875,169.677734
12536,512,90417,176.595703
12537,512,84458,164.957031
12538,512,85917,167.806641
12539,512,86250,168.457031
12540,512,87125,170.166016
12541,512,83000,162.109375
12542,512,86625,169.189453
12543,512,87541,170.978516
12544,512,85917,167.806641
12545,512,88666,173.175781
12546,512,85375,166.748047
12547,512,89250,174.316406
12548,512,84500,165.039062
12549,512,85125,166.259766
12550,512,85542,167.074219
12551,512,85250,166.503906
12552,512,87542,170.980469
12553,512,87750,171.386719
12554,512,86167,168.294922
12555,512,85375,166.748047
12556,512,87666,171.222656
12557,512,87250,170.410156
12558,512,86750,169.433594
12559,512,86250,168.457031
12560,512,85500,166.992188
12561,512,88709,173.259766
12562,512,85666,167.316406
12563,512,85875,167.724609
12564,512,87584,171.062500
12565,512,87417,170.736328
12566,512,84750,165.527344
12567,512,85542,167.074219
12568,512,84042,164.144531
12569,512,84500,165.039062
12570,512,85125,166.259766
12571,512,85625,167.236328
12572,512,83125,162.353516
12573,512,88167,172.201172
12574,512,87166,170.246094
12575,512,83625,163.330078
12576,512,82625,161.376953
12577,512,83791,163.654297
12578,512,86959,169.841797
12579,512,87959,171.794922
12580,512,87666,171.222656
12581,512,90958,177.652344
12582,512,85834,167.644531
12583,512,84542,165.121094
12584,512,84083,164.224609
12585,512,85000,166.015625
12586,512,86458,168.863281
12587,512,84084,164.226562
12588,512,84000,164.062500
12589,512,84292,164.632812
12590,512,87416,170.734375
12591,512,83375,162.841797
12592,512,85625,167.236328
12593,512,83917,163.900391
12594,512,84458,164.957031
12595,512,84000,164.062500
12596,512,83667,163.412109
12597,512,84458,164.957031
12598,512,90875,177.490234
12599,512,84666,165.363281
12600,512,88167,172.201172
12601,512,84292,164.632812
12602,512,84334,164.714844
12603,512,85541,167.072266
12604,512,85583,167.154297
12605,512,83083,162.271484
12606,512,83834,163.738281
12607,512,84833,165.689453
12608,512,82750,161.621094
12609,512,85833,167.642578
12610,512,83167,162.435547
12611,512,87292,170.492188
12612,512,86416,168.781250
12613,512,83875,163.818359
12614,512,88000,171.875000
12615,512,86125,168.212891
12616,512,85916,167.804688
12617,512,86000,167.968750
12618,512,85750,167.480469
12619,512,83875,163.818359
12620,512,87167,170.248047
12621,512,82417,160.970703
12622,512,83625,163.330078
12623,512,89125,174.072266
12624,512,86291,168.537109
12625,512,85000,166.015625
12626,512,87542,170.980469
12627,512,82666,161.457031
12628,512,92917,181.478516
12629,512,85292,166.585938
12630,512,95417,186.361328
12631,512,92458,180.582031
12632,512,85042,166.097656
12633,512,84500,165.039062
12634,512,86125,168.212891
12635,512,84625,165.283203
12636,512,86125,168.212891
12637,512,88125,172.119141
12638,512,86125,168.212891
12639,512,83000,162.109375
12640,512,85000,166.015625
12641,512,85500,166.992188
12642,512,85875,167.724609
12643,512,87208,170.328125
12644,512,86125,168.212891
12645,512,84334,164.714844
12646,512,83500,163.085938
12647,512,86750,169.433594
12648,512,87500,170.898438
12649,512,86333,168.619141
12650,512,83583,163.248047
12651,512,84417,164.876953
12652,512,87208,170.328125
12653,512,84208,164.468750
12654,512,85834,167.644531
12655,512,86666,169.269531
12656,512,87292,170.492188
12657,512,90708,177.164062
12658,512,88917,173.666016
12659,512,86917,169.759766
12660,512,85208,166.421875
12661,512,86583,169.107422
12662,512,86375,168.701172
12663,512,87167,170.248047
12664,512,87708,171.304688
12665,512,87208,170.328125
12666,512,85958,167.886719
12667,512,86292,168.539062
12668,512,87625,171.142578
12669,512,86000,167.968750
12670,512,88458,172.769531
12671,512,85000,166.015625
12672,512,88041,171.955078
12673,512,96584,188.640625
12674,512,104209,203.533203
12675,512,89666,175.128906
12676,512,93209,182.048828
12677,512,89916,175.617188
12678,512,90875,177.490234
12679,512,97125,189.697266
12680,512,93125,181.884766
12681,512,93292,182.210938
12682,512,95458,186.441406
12683,512,91333,178.384766
12684,512,101583,198.404297
12685,512,100167,195.638672
12686,512,99459,194.255859
12687,512,98500,192.382812
12688,512,106625,208.251953
12689,512,107750,210.449219
12690,512,102541,200.275391
12691,512,114709,224.041016
12692,512,97541,190.509766
12693,512,106042,207.113281
12694,512,119375,233.154297
12695,512,105458,205.972656
12696,512,106916,208.820312
12697,512,116000,226.562500
12698,512,104959,204.998047
12699,512,91916,179.523438
12700,512,100208,195.718750
12701,512,118250,230.957031
12702,512,93375,182.373047
12703,512,94208,184.000000
12704,512,95333,186.197266
12705,512,93250,182.128906
12706,512,90500,176.757812
12707,512,91916,179.523438
12708,512,93584,182.781250
12709,512,94333,184.244141
12710,512,91292,178.304688
12711,512,91041,177.814453
12712,512,90708,177.164062
12713,512,89375,174.560547
12714,512,92792,181.234375
12715,512,90834,177.410156
12716,512,90416,176.593750
12717,512,91250,178.222656
12718,512,96042,187.582031
12719,512,99209,193.767578
12720,512,91583,178.873047
12721,512,93458,182.535156
12722,512,90875,177.490234
12723,512,94458,184.488281
12724,512,90167,176.107422
12725,512,91709,179.119141
12726,512,92208,180.093750
12727,512,89625,175.048828
12728,512,88875,173.583984
12729,512,88875,173.583984
12730,512,90083,175.943359
12731,512,92291,180.255859
12732,512,89375,174.560547
12733,512,92625,180.908203
12734,512,90458,176.675781
12735,512,92084,179.851562
12736,512,89541,174.884766
12737,512,91584,178.875000
12738,512,89166,174.152344
12739,512,88833,173.501953
12740,512,89000,173.828125
12741,512,88792,173.421875
12742,512,88333,172.525391
12743,512,90625,177.001953
12744,512,87833,171.548828
12745,512,86500,168.945312
12746,512,87292,170.492188
12747,512,89209,174.236328
12748,512,90208,176.187500
12749,512,90208,176.187500
12750,512,91167,178.060547
12751,512,90541,176.837891
12752,512,87042,170.003906
12753,512,91917,179.525391
12754,512,88833,173.501953
12755,512,89708,175.210938
12756,512,87083,170.083984
12757,512,89959,175.701172
12758,512,87125,170.166016
12759,512,87375,170.654297
12760,512,86250,168.457031
12761,512,88000,171.875000
12762,512,85208,166.421875
12763,512,89000,173.828125
12764,512,87166,170.246094
12765,512,94375,184.326172
12766,512,88000,171.875000
12767,512,87750,171.386719
12768,512,87334,170.574219
12769,512,87625,171.142578
12770,512,85166,166.339844
12771,512,90084,175.945312
12772,512,85375,166.748047
12773,512,87916,171.710938
12774,512,85875,167.724609
12775,512,87292,170.492188
12776,512,89125,174.072266
12777,512,87292,170.492188
12778,512,86541,169.025391
12779,512,87459,170.818359
12780,512,89083,173.990234
12781,512,89750,175.292969
12782,512,87333,170.572266
12783,512,86917,169.759766
12784,512,88458,172.769531
12785,512,84584,165.203125
12786,512,88083,172.037109
12787,512,90167,176.107422
12788,512,88000,171.875000
12789,512,86417,168.783203
12790,512,87083,170.083984
12791,512,84750,165.527344
12792,512,83416,162.921875
12793,512,86292,168.539062
12794,512,85541,167.072266
12795,512,85417,166.830078
12796,512,90000,175.781250
12797,512,88042,171.957031
12798,512,89708,175.210938
12799,512,87042,170.003906
12800,512,85542,167.074219
12801,512,96166,187.824219
12802,512,95083,185.708984
12803,512,88750,173.339844
12804,512,86209,168.376953
12805,512,85500,166.992188
12806,512,85917,167.806641
12807,512,111041,216.876953
12808,512,103667,202.474609
12809,512,91125,177.978516
12810,512,85875,167.724609
12811,512,86708,169.351562
12812,512,94958,185.464844
12813,512,86917,169.759766
12814,512,86459,168.865234
12815,512,90084,175.945312
12816,512,89750,175.292969
12817,512,83708,163.492188
12818,512,84750,165.527344
12819,512,86541,169.025391
12820,512,89334,174.480469
12821,512,89500,174.804688
12822,512,89875,175.537109
12823,512,89084,173.992188
12824,512,87208,170.328125
12825,512,90083,175.943359
12826,512,88000,171.875000
12827,512,88750,173.339844
12828,512,88292,172.445312
12829,512,89166,174.152344
12830,512,91292,178.304688
12831,512,104166,203.449219
12832,512,91834,179.363281
12833,512,88125,172.119141
12834,512,88667,173.177734
12835,512,87417,170.736328
12836,512,86416,168.781250
12837,512,86959,169.841797
12838,512,87125,170.166016
12839,512,84250,164.550781
12840,512,87708,171.304688
12841,512,85958,167.886719
12842,512,85917,167.806641
12843,512,84792,165.609375
12844,512,84750,165.527344
12845,512,87500,170.898438
12846,512,85083,166.177734
12847,512,88375,172.607422
12848,512,85583,167.154297
12849,512,86959,169.841797
12850,512,86125,168.212891
12851,512,87542,170.980469
12852,512,86875,169.677734
12853,512,86500,168.945312
12854,512,87166,170.246094
12855,512,85167,166.341797
12856,512,90416,176.593750
12857,512,88500,172.851562
12858,512,88750,173.339844
12859,512,104625,204.345703
12860,512,93084,181.804688
12861,512,107666,210.285156
12862,512,88167,172.201172
12863,512,88667,173.177734
12864,512,88625,173.095703
12865,512,87375,170.654297
12866,512,85500,166.992188
12867,512,91500,178.710938
12868,512,86084,168.132812
12869,512,89583,174.966797
12870,512,87875,171.630859
12871,512,84333,164.712891
12872,512,88209,172.283203
12873,512,85750,167.480469
12874,512,85583,167.154297
12875,512,84750,165.527344
12876,512,85750,167.480469
12877,512,87209,170.330078
12878,512,88041,171.955078
12879,512,87500,170.898438
12880,512,88333,172.525391
12881,512,85792,167.562500
12882,512,86083,168.130859
12883,512,85292,166.585938
12884,512,89833,175.455078
12885,512,93166,181.964844
12886,512,91125,177.978516
12887,512,84167,164.388672
12888,512,85500,166.992188
12889,512,85167,166.341797
12890,512,84917,165.853516
12891,512,86791,169.513672
12892,512,83750,163.574219
12893,512,85333,166.666016
12894,512,87083,170.083984
12895,512,86792,169.515625
12896,512,84000,164.062500
12897,512,85875,167.724609
12898,512,85334,166.667969
12899,512,86333,168.619141
12900,512,86500,168.945312
12901,512,87542,170.980469
12902,512,84708,165.445312
12903,512,86333,168.619141
12904,512,88125,172.119141
12905,512,87125,170.166016
12906,512,87125,170.166016
12907,512,92583,180.826172
12908,512,87375,170.654297
12909,512,84750,165.527344
12910,512,87292,170.492188
12911,512,86416,168.781250
12912,512,89708,175.210938
12913,512,93000,181.640625
12914,512,85167,166.341797
12915,512,88542,172.933594
12916,512,94166,183.917969
12917,512,90000,175.781250
12918,512,86792,169.515625
12919,512,87000,169.921875
12920,512,87708,171.304688
12921,512,84333,164.712891
12922,512,88209,172.283203
12923,512,85416,166.828125
12924,512,85792,167.562500
12925,512,87583,171.060547
12926,512,85167,166.341797
12927,512,85333,166.666016
12928,512,87417,170.736328
12929,512,86084,168.132812
12930,512,85209,166.423828
12931,512,88208,172.281250
12932,512,87875,171.630859
12933,512,84625,165.283203
12934,512,87291,170.490234
12935,512,87250,170.410156
12936,512,86542,169.027344
12937,512,85750,167.480469
12938,512,85500,166.992188
12939,512,86958,169.839844
12940,512,85625,167.236328
12941,512,83959,163.982422
12942,512,85541,167.072266
12943,512,93709,183.025391
12944,512,86000,167.968750
12945,512,86292,168.539062
12946,512,85917,167.806641
12947,512,86916,169.757812
12948,512,85542,167.074219
12949,512,85833,167.642578
12950,512,84958,165.933594
12951,512,86959,169.841797
12952,512,87958,171.792969
12953,512,89541,174.884766
12954,512,86917,169.759766
12955,512,93916,183.429688
12956,512,85542,167.074219
12957,512,86625,169.189453
12958,512,87333,170.572266
12959,512,85875,167.724609
12960,512,85958,167.886719
12961,512,109416,213.703125
12962,512,109042,212.972656
12963,512,88375,172.607422
12964,512,92208,180.093750
12965,512,152834,298.503906
12966,512,98750,192.871094
12967,512,104416,203.937500
12968,512,100625,196.533203
12969,512,96625,188.720703
12970,512,99500,194.335938
12971,512,98208,191.812500
12972,512,102709,200.603516
12973,512,95916,187.335938
12974,512,96958,189.371094
12975,512,98042,191.488281
12976,512,95209,185.955078
12977,512,97625,190.673828
12978,512,95625,186.767578
12979,512,96542,188.558594
12980,512,100417,196.126953
12981,512,95083,185.708984
12982,512,96125,187.744141
12983,512,95500,186.523438
12984,512,97167,189.779297
12985,512,93583,182.779297
12986,512,96625,188.720703
12987,512,94208,184.000000
12988,512,92833,181.314453
12989,512,95833,187.173828
12990,512,93250,182.128906
12991,512,94042,183.675781
12992,512,95583,186.685547
12993,512,95292,186.117188
12994,512,94416,184.406250
12995,512,91458,178.628906
12996,512,95417,186.361328
12997,512,96708,188.882812
12998,512,95042,185.628906
12999,512,93500,182.617188
13000,512,93250,182.128906
13001,512,92000,179.687500
13002,512,94834,185.222656
13003,512,94166,183.917969
13004,512,92625,180.908203
13005,512,92458,180.582031
13006,512,91334,178.386719
13007,512,93833,183.267578
13008,512,93417,182.455078
13009,512,90833,177.408203
13010,512,93541,182.697266
13011,512,91584,178.875000
13012,512,94208,184.000000
13013,512,91375,178.466797
13014,512,106292,207.601562
13015,512,90958,177.652344
13016,512,91125,177.978516
13017,512,94500,184.570312
13018,512,91750,179.199219
13019,512,92875,181.396484
13020,512,90084,175.945312
13021,512,92500,180.664062
13022,512,90250,176.269531
13023,512,93084,181.804688
13024,512,91250,178.222656
13025,512,92125,179.931641
13026,512,92125,179.931641
13027,512,89167,174.154297
13028,512,90792,177.328125
13029,512,90666,177.082031
13030,512,91750,179.199219
13031,512,91750,179.199219
13032,512,92667,180.990234
13033,512,92041,179.767578
13034,512,91875,179.443359
13035,512,92500,180.664062
13036,512,90416,176.593750
13037,512,90292,176.351562
13038,512,91708,179.117188
13039,512,89417,174.642578
13040,512,91958,179.605469
13041,512,118125,230.712891
13042,512,97041,189.533203
13043,512,96917,189.291016
13044,512,92083,179.849609
13045,512,105292,205.648438
13046,512,90291,176.349609
13047,512,99834,194.988281
13048,512,96667,188.802734
13049,512,96292,188.070312
13050,512,106583,208.169922
13051,512,98250,191.894531
13052,512,108916,212.726562
13053,512,101792,198.812500
13054,512,105417,205.892578
13055,512,101000,197.265625
13056,512,107042,209.066406
13057,512,108542,211.996094
13058,512,112708,220.132812
13059,512,95708,186.929688
13060,512,111417,217.611328
13061,512,109833,214.517578
13062,512,109209,213.298828
13063,512,107500,209.960938
13064,512,119292,232.992188
13065,512,97750,190.917969
13066,512,100208,195.718750
13067,512,111084,216.960938
13068,512,102292,199.789062
13069,512,91542,178.792969
13070,512,93333,182.291016
13071,512,92792,181.234375
13072,512,91666,179.035156
13073,512,92417,180.501953
13074,512,92083,179.849609
13075,512,93833,183.267578
13076,512,92167,180.013672
13077,512,89500,174.804688
13078,512,91833,179.361328
13079,512,93750,183.105469
13080,512,93083,181.802734
13081,512,89083,173.990234
13082,512,92500,180.664062
13083,512,91042,177.816406
13084,512,88833,173.501953
13085,512,91417,178.548828
13086,512,89500,174.804688
13087,512,91375,178.466797
13088,512,89708,175.210938
13089,512,88333,172.525391
13090,512,91458,178.628906
13091,512,91250,178.222656
13092,512,89875,175.537109
13093,512,88500,172.851562
13094,512,90958,177.652344
13095,512,90250,176.269531
13096,512,92959,181.560547
13097,512,92375,180.419922
13098,512,90625,177.001953
13099,512,89917,175.619141
13100,512,90875,177.490234
13101,512,90500,176.757812
13102,512,90250,176.269531
13103,512,89167,174.154297
13104,512,95250,186.035156
13105,512,89041,173.908203
13106,512,90875,177.490234
13107,512,92209,180.095703
13108,512,93041,181.720703
13109,512,88834,173.503906
13110,512,93083,181.802734
13111,512,91917,179.525391
13112,512,88458,172.769531
13113,512,88250,172.363281
13114,512,89041,173.908203
13115,512,90542,176.839844
13116,512,87917,171.712891
13117,512,88750,173.339844
13118,512,93167,181.966797
13119,512,87000,169.921875
13120,512,89500,174.804688
13121,512,89166,174.152344
13122,512,88750,173.339844
13123,512,89417,174.642578
13124,512,87833,171.548828
13125,512,90250,176.269531
13126,512,89666,175.128906
13127,512,87709,171.306641
13128,512,89084,173.992188
13129,512,88125,172.119141
13130,512,86334,168.621094
13131,512,87250,170.410156
13132,512,86459,168.865234
13133,512,86583,169.107422
13134,512,88042,171.957031
13135,512,86750,169.433594
13136,512,91917,179.525391
13137,512,87083,170.083984
13138,512,89167,174.154297
13139,512,87625,171.142578
13140,512,85917,167.806641
13141,512,85875,167.724609
13142,512,90625,177.001953
13143,512,88792,173.421875
13144,512,84917,165.853516
13145,512,89333,174.478516
13146,512,88667,173.177734
13147,512,85458,166.910156
13148,512,86667,169.271484
13149,512,92625,180.908203
13150,512,85875,167.724609
13151,512,85750,167.480469
13152,512,87208,170.328125
13153,512,86750,169.433594
13154,512,86292,168.539062
13155,512,87209,170.330078
13156,512,86958,169.839844
13157,512,86208,168.375000
13158,512,87459,170.818359
13159,512,86458,168.863281
13160,512,90500,176.757812
13161,512,85042,166.097656
13162,512,86709,169.353516
13163,512,99333,194.009766
13164,512,94125,183.837891
13165,512,86916,169.757812
13166,512,88292,172.445312
13167,512,87250,170.410156
13168,512,89500,174.804688
13169,512,87042,170.003906
13170,512,86750,169.433594
13171,512,85833,167.642578
13172,512,86083,168.130859
13173,512,87084,170.085938
13174,512,89541,174.884766
13175,512,88459,172.771484
13176,512,86583,169.107422
13177,512,86792,169.515625
13178,512,87250,170.410156
13179,512,86125,168.212891
13180,512,86500,168.945312
13181,512,86042,168.050781
13182,512,86083,168.130859
13183,512,85167,166.341797
13184,512,85584,167.156250
13185,512,88084,172.039062
13186,512,87917,171.712891
13187,512,87167,170.248047
13188,512,86375,168.701172
13189,512,87000,169.921875
13190,512,87708,171.304688
13191,512,89041,173.908203
13192,512,85500,166.992188
13193,512,87042,170.003906
13194,512,86666,169.269531
13195,512,86042,168.050781
13196,512,86583,169.107422
13197,512,86500,168.945312
13198,512,84709,165.447266
13199,512,84667,165.365234
13200,512,86458,168.863281
13201,512,87125,170.166016
13202,512,86125,168.212891
13203,512,88875,173.583984
13204,512,85333,166.666016
13205,512,86334,168.621094
13206,512,87334,170.574219
13207,512,88291,172.443359
13208,512,86542,169.027344
13209,512,84458,164.957031
13210,512,88292,172.445312
13211,512,86333,168.619141
13212,512,84834,165.691406
13213,512,86333,168.619141
13214,512,88125,172.119141
13215,512,83791,163.654297
13216,512,84542,165.121094
13217,512,84500,165.039062
13218,512,87875,171.630859
13219,512,86750,169.433594
13220,512,84959,165.935547
13221,512,85583,167.154297
13222,512,86208,168.375000
13223,512,87000,169.921875
13224,512,84708,165.445312
13225,512,85083,166.177734
13226,512,82375,160.888672
13227,512,87500,170.898438
13228,512,86542,169.027344
13229,512,89375,174.560547
13230,512,86459,168.865234
13231,512,86500,168.945312
13232,512,88834,173.503906
13233,512,85542,167.074219
13234,512,86916,169.757812
13235,512,87834,171.550781
13236,512,85458,166.910156
13237,512,84875,165.771484
13238,512,85250,166.503906
13239,512,87250,170.410156
13240,512,85583,167.154297
13241,512,88708,173.257812
13242,512,95667,186.849609
13243,512,86166,168.292969
13244,512,85792,167.562500
13245,512,87875,171.630859
13246,512,87125,170.166016
13247,512,84042,164.144531
13248,512,84792,165.609375
13249,512,87041,170.001953
13250,512,85792,167.562500
13251,512,84292,164.632812
13252,512,85416,166.828125
13253,512,86042,168.050781
13254,512,83708,163.492188
13255,512,86750,169.433594
13256,512,87125,170.166016
13257,512,84750,165.527344
13258,512,83958,163.980469
13259,512,86875,169.677734
13260,512,86792,169.515625
13261,512,86041,168.048828
13262,512,86208,168.375000
13263,512,84959,165.935547
13264,512,100167,195.638672
13265,512,88792,173.421875
13266,512,85666,167.316406
13267,512,83084,162.273438
13268,512,87541,170.978516
13269,512,84292,164.632812
13270,512,85333,166.666016
13271,512,84416,164.875000
13272,512,83458,163.003906
13273,512,86250,168.457031
13274,512,82792,161.703125
13275,512,84583,165.201172
13276,512,89416,174.640625
13277,512,88959,173.748047
13278,512,83083,162.271484
13279,512,83083,162.271484
13280,512,85917,167.806641
13281,512,83583,163.248047
13282,512,85417,166.830078
13283,512,86333,168.619141
13284,512,85958,167.886719
13285,512,84834,165.691406
13286,512,84750,165.527344
13287,512,85250,166.503906
13288,512,84209,164.470703
13289,512,84625,165.283203
13290,512,84250,164.550781
13291,512,86208,168.375000
13292,512,85459,166.912109
13293,512,85500,166.992188
13294,512,86584,169.109375
13295,512,83583,163.248047
13296,512,83916,163.898438
13297,512,90417,176.595703
13298,512,84875,165.771484
13299,512,84416,164.875000
13300,512,86000,167.968750
13301,512,92000,179.687500
13302,512,85500,166.992188
13303,512,83125,162.353516
13304,512,83250,162.597656
13305,512,85166,166.339844
13306,512,85709,167.400391
13307,512,85250,166.503906
13308,512,86791,169.513672
13309,512,89125,174.072266
13310,512,84209,164.470703
13311,512,84792,165.609375
13312,512,86500,168.945312
13313,512,87833,171.548828
13314,512,85250,166.503906
13315,512,87333,170.572266
13316,512,85334,166.667969
13317,512,84916,165.851562
13318,512,86792,169.515625
13319,512,84166,164.386719
13320,512,83334,162.761719
13321,512,85125,166.259766
13322,512,86916,169.757812
13323,512,85792,167.562500
13324,512,87666,171.222656
13325,512,83834,163.738281
13326,512,86500,168.945312
13327,512,83958,163.980469
13328,512,87000,169.921875
13329,512,86375,168.701172
13330,512,83750,163.574219
13331,512,85709,167.400391
13332,512,84542,165.121094
13333,512,84083,164.224609
13334,512,86417,168.783203
13335,512,84500,165.039062
13336,512,85250,166.503906
13337,512,85625,167.236328
13338,512,83084,162.273438
13339,512,85708,167.398438
13340,512,86500,168.945312
13341,512,84041,164.142578
13342,512,81708,159.585938
13343,512,83792,163.656250
13344,512,84958,165.933594
13345,512,84417,164.876953
13346,512,83750,163.574219
13347,512,85042,166.097656
13348,512,85916,167.804688
13349,512,88167,172.201172
13350,512,84458,164.957031
13351,512,84834,165.691406
13352,512,83875,163.818359
13353,512,82750,161.621094
13354,512,83000,162.109375
13355,512,83958,163.980469
13356,512,85542,167.074219
13357,512,88167,172.201172
13358,512,84875,165.771484
13359,512,86166,168.292969
13360,512,86209,168.376953
13361,512,85084,166.179688
13362,512,87084,170.085938
13363,512,85083,166.177734
13364,512,85541,167.072266
13365,512,85167,166.341797
13366,512,84542,165.121094
13367,512,85500,166.992188
13368,512,85250,166.503906
13369,512,82875,161.865234
13370,512,87833,171.548828
13371,512,84459,164.958984
13372,512,86375,168.701172
13373,512,83917,163.900391
13374,512,83750,163.574219
13375,512,84791,165.607422
13376,512,85500,166.992188
13377,512,84292,164.632812
13378,512,84250,164.550781
13379,512,86208,168.375000
13380,512,85667,167.318359
13381,512,89583,174.966797
13382,512,88625,173.095703
13383,512,84500,165.039062
13384,512,83667,163.412109
13385,512,85209,166.423828
13386,512,86583,169.107422
13387,512,82542,161.214844
13388,512,84084,164.226562
13389,512,87333,170.572266
13390,512,82041,160.236328
13391,512,82625,161.376953
13392,512,84750,165.527344
13393,512,83791,163.654297
13394,512,86208,168.375000
13395,512,85417,166.830078
13396,512,84291,164.630859
13397,512,85417,166.830078
13398,512,84875,165.771484
13399,512,84084,164.226562
13400,512,87750,171.386719
13401,512,85167,166.341797
13402,512,85875,167.724609
13403,512,88042,171.957031
13404,512,87125,170.166016
13405,512,84791,165.607422
13406,512,84084,164.226562
13407,512,84709,165.447266
13408,512,86666,169.269531
13409,512,83833,163.736328
13410,512,85209,166.423828
13411,512,87542,170.980469
13412,512,84292,164.632812
13413,512,84208,164.468750
13414,512,85875,167.724609
13415,512,88833,173.501953
13416,512,85917,167.806641
13417,512,95000,185.546875
13418,512,90583,176.919922
13419,512,85875,167.724609
13420,512,85958,167.886719
13421,512,88583,173.013672
13422,512,88292,172.445312
13423,512,90041,175.861328
13424,512,91833,179.361328
13425,512,95708,186.929688
13426,512,89917,175.619141
13427,512,89333,174.478516
13428,512,90042,175.863281
13429,512,89917,175.619141
13430,512,87291,170.490234
13431,512,90000,175.781250
13432,512,89791,175.373047
13433,512,90292,176.351562
13434,512,89208,174.234375
13435,512,91292,178.304688
13436,512,90458,176.675781
13437,512,102708,200.601562
13438,512,88000,171.875000
13439,512,89750,175.292969
13440,512,89292,174.398438
13441,512,90750,177.246094
13442,512,89875,175.537109
13443,512,151625,296.142578
13444,512,118333,231.119141
13445,512,100125,195.556641
13446,512,101042,197.347656
13447,512,97500,190.429688
13448,512,97000,189.453125
13449,512,97458,190.347656
13450,512,97375,190.185547
13451,512,98833,193.033203
13452,512,96458,188.394531
13453,512,97208,189.859375
13454,512,99042,193.441406
13455,512,97167,189.779297
13456,512,98041,191.486328
13457,512,100875,197.021484
13458,512,96583,188.638672
13459,512,96459,188.396484
13460,512,94333,184.244141
13461,512,97333,190.103516
13462,512,95000,185.546875
13463,512,94875,185.302734
13464,512,104125,203.369141
13465,512,101625,198.486328
13466,512,96041,187.580078
13467,512,96209,187.908203
13468,512,95708,186.929688
13469,512,95708,186.929688
13470,512,92292,180.257812
13471,512,94250,184.082031
13472,512,94000,183.593750
13473,512,94875,185.302734
13474,512,94542,184.652344
13475,512,91458,178.628906
13476,512,94042,183.675781
13477,512,97833,191.080078
13478,512,95375,186.279297
13479,512,95042,185.628906
13480,512,92458,180.582031
13481,512,93125,181.884766
13482,512,89750,175.292969
13483,512,92916,181.476562
13484,512,92959,181.560547
13485,512,88834,173.503906
13486,512,91416,178.546875
13487,512,90792,177.328125
13488,512,92583,180.826172
13489,512,93834,183.269531
13490,512,96416,188.312500
13491,512,89125,174.072266
13492,512,91375,178.466797
13493,512,92291,180.255859
13494,512,90250,176.269531
13495,512,93833,183.267578
13496,512,89625,175.048828
13497,512,94208,184.000000
13498,512,91459,178.630859
13499,512,91292,178.304688
13500,512,89000,173.828125
13501,512,89958,175.699219
13502,512,91792,179.281250
13503,512,88917,173.666016
13504,512,91209,178.142578
13505,512,89209,174.236328
13506,512,87875,171.630859
13507,512,87709,171.306641
13508,512,89375,174.560547
13509,512,90542,176.839844
13510,512,88667,173.177734
13511,512,90500,176.757812
13512,512,91708,179.117188
13513,512,91916,179.523438
13514,512,89542,174.886719
13515,512,91375,178.466797
13516,512,88208,172.281250
13517,512,90792,177.328125
13518,512,88792,173.421875
13519,512,91667,179.037109
13520,512,92959,181.560547
13521,512,88583,173.013672
13522,512,87667,171.224609
13523,512,88792,173.421875
13524,512,86167,168.294922
13525,512,88334,172.527344
13526,512,88791,173.419922
13527,512,87709,171.306641
13528,512,87416,170.734375
13529,512,88750,173.339844
13530,512,87917,171.712891
13531,512,90292,176.351562
13532,512,88500,172.851562
13533,512,85375,166.748047
13534,512,88834,173.503906
13535,512,88292,172.445312
13536,512,87375,170.654297
13537,512,90958,177.652344
13538,512,93000,181.640625
13539,512,93958,183.511719
13540,512,96791,189.044922
13541,512,95959,187.419922
13542,512,96000,187.500000
13543,512,94333,184.244141
13544,512,94292,184.164062
13545,512,104166,203.449219
13546,512,88250,172.363281
13547,512,89375,174.560547
13548,512,89333,174.478516
13549,512,89042,173.910156
13550,512,91667,179.037109
13551,512,89500,174.804688
13552,512,87000,169.921875
13553,512,89458,174.722656
13554,512,88083,172.037109
13555,512,86834,169.597656
13556,512,87625,171.142578
13557,512,85250,166.503906
13558,512,86750,169.433594
13559,512,86708,169.351562
13560,512,88042,171.957031
13561,512,90458,176.675781
13562,512,96084,187.664062
13563,512,89625,175.048828
13564,512,87666,171.222656
13565,512,85167,166.341797
13566,512,87375,170.654297
13567,512,87834,171.550781
13568,512,86041,168.048828
13569,512,85417,166.830078
13570,512,90417,176.595703
13571,512,85291,166.583984
13572,512,84542,165.121094
13573,512,86583,169.107422
13574,512,86458,168.863281
13575,512,83708,163.492188
13576,512,84917,165.853516
13577,512,88833,173.501953
13578,512,83708,163.492188
13579,512,85834,167.644531
13580,512,85416,166.828125
13581,512,85417,166.830078
13582,512,85750,167.480469
13583,512,86667,169.271484
13584,512,89917,175.619141
13585,512,84291,164.630859
13586,512,86584,169.109375
13587,512,83708,163.492188
13588,512,86875,169.677734
13589,512,87792,171.468750
13590,512,85583,167.154297
13591,512,84083,164.224609
13592,512,83917,163.900391
13593,512,87667,171.224609
13594,512,86583,169.107422
13595,512,86791,169.513672
13596,512,84500,165.039062
13597,512,86584,169.109375
13598,512,85583,167.154297
13599,512,85417,166.830078
13600,512,86875,169.677734
13601,512,86041,168.048828
13602,512,87792,171.468750
13603,512,89916,175.617188
13604,512,85209,166.423828
13605,512,86250,168.457031
13606,512,86625,169.189453
13607,512,87083,170.083984
13608,512,85417,166.830078
13609,512,84458,164.957031
13610,512,88125,172.119141
13611,512,84292,164.632812
13612,512,85625,167.236328
13613,512,84334,164.714844
13614,512,87708,171.304688
13615,512,84500,165.039062
13616,512,87416,170.734375
13617,512,90042,175.863281
13618,512,86542,169.027344
13619,512,84959,165.935547
13620,512,85709,167.400391
13621,512,83958,163.980469
13622,512,86875,169.677734
13623,512,86166,168.292969
13624,512,85542,167.074219
13625,512,87708,171.304688
13626,512,86958,169.839844
13627,512,86000,167.968750
13628,512,82792,161.703125
13629,512,88167,172.201172
13630,512,86875,169.677734
13631,512,84250,164.550781
13632,512,85083,166.177734
13633,512,86125,168.212891
13634,512,85666,167.316406
13635,512,84875,165.771484
13636,512,82250,160.644531
13637,512,84042,164.144531
13638,512,86958,169.839844
13639,512,86375,168.701172
13640,512,85625,167.236328
13641,512,85416,166.828125
13642,512,84042,164.144531
13643,512,85750,167.480469
13644,512,88416,172.687500
13645,512,86834,169.597656
13646,512,86583,169.107422
13647,512,85875,167.724609
13648,512,87250,170.410156
13649,512,86625,169.189453
13650,512,85958,167.886719
13651,512,86583,169.107422
13652,512,85333,166.666016
13653,512,85417,166.830078
13654,512,84417,164.876953
13655,512,87167,170.248047
13656,512,87625,171.142578
13657,512,87084,170.085938
13658,512,86375,168.701172
13659,512,85958,167.886719
13660,512,85292,166.585938
13661,512,84166,164.386719
13662,512,86750,169.433594
13663,512,84625,165.283203
13664,512,86833,169.595703
13665,512,89875,175.537109
13666,512,88083,172.037109
13667,512,87333,170.572266
13668,512,85958,167.886719
13669,512,87375,170.654297
13670,512,86709,169.353516
13671,512,89125,174.072266
13672,512,87709,171.306641
13673,512,89125,174.072266
13674,512,87291,170.490234
13675,512,84750,165.527344
13676,512,88500,172.851562
13677,512,88375,172.607422
13678,512,86250,168.457031
13679,512,85459,166.912109
13680,512,91458,178.628906
13681,512,89292,174.398438
13682,512,88250,172.363281
13683,512,87708,171.304688
13684,512,88208,172.281250
13685,512,85875,167.724609
13686,512,87959,171.794922
13687,512,86875,169.677734
13688,512,88583,173.013672
13689,512,87083,170.083984
13690,512,89667,175.130859
13691,512,88000,171.875000
13692,512,84333,164.712891
13693,512,85083,166.177734
13694,512,86750,169.433594
13695,512,88708,173.257812
13696,512,84750,165.527344
13697,512,86958,169.839844
13698,512,86917,169.759766
13699,512,86708,169.351562
13700,512,88375,172.607422
13701,512,88250,172.363281
13702,512,89000,173.828125
13703,512,86458,168.863281
13704,512,88875,173.583984
13705,512,87875,171.630859
13706,512,85541,167.072266
13707,512,87667,171.224609
13708,512,88750,173.339844
13709,512,88792,173.421875
13710,512,88500,172.851562
13711,512,87542,170.980469
13712,512,86250,168.457031
13713,512,87334,170.574219
13714,512,88791,173.419922
13715,512,88542,172.933594
13716,512,87666,171.222656
13717,512,92459,180.583984
13718,512,89458,174.722656
13719,512,89417,174.642578
13720,512,86208,168.375000
13721,512,85583,167.154297
13722,512,85459,166.912109
13723,512,87833,171.548828
13724,512,88500,172.851562
13725,512,88250,172.363281
13726,512,88417,172.689453
13727,512,85958,167.886719
13728,512,87583,171.060547
13729,512,88334,172.527344
13730,512,86416,168.781250
13731,512,87834,171.550781
13732,512,86666,169.269531
13733,512,88417,172.689453
13734,512,87625,171.142578
13735,512,88708,173.257812
13736,512,88291,172.443359
13737,512,103458,202.066406
13738,512,87959,171.794922
13739,512,86333,168.619141
13740,512,86875,169.677734
13741,512,85792,167.562500
13742,512,87166,170.246094
13743,512,87417,170.736328
13744,512,86416,168.781250
13745,512,86375,168.701172
13746,512,89417,174.642578
13747,512,87500,170.898438
13748,512,89875,175.537109
13749,512,85583,167.154297
13750,512,86792,169.515625
13751,512,88833,173.501953
13752,512,85667,167.318359
13753,512,86459,168.865234
13754,512,87291,170.490234
13755,512,86083,168.130859
13756,512,85125,166.259766
13757,512,91125,177.978516
13758,512,93167,181.966797
13759,512,92625,180.908203
13760,512,106833,208.658203
13761,512,114833,224.283203
13762,512,91417,178.548828
13763,512,90000,175.781250
13764,512,92666,180.988281
13765,512,113292,221.273438
13766,512,91125,177.978516
13767,512,89208,174.234375
13768,512,97541,190.509766
13769,512,97917,191.244141
13770,512,94333,184.244141
13771,512,93958,183.511719
13772,512,92292,180.257812
13773,512,91875,179.443359
13774,512,91375,178.466797
13775,512,109125,213.134766
13776,512,100167,195.638672
13777,512,105334,205.730469
13778,512,96625,188.720703
13779,512,96166,187.824219
13780,512,98375,192.138672
13781,512,96500,188.476562
13782,512,98416,192.218750
13783,512,96792,189.046875
13784,512,97708,190.835938
13785,512,100583,196.451172
13786,512,96917,189.291016
13787,512,100917,197.103516
13788,512,99167,193.685547
13789,512,95041,185.626953
13790,512,98583,192.544922
13791,512,99209,193.767578
13792,512,100208,195.718750
13793,512,95125,185.791016
13794,512,96833,189.126953
13795,512,99500,194.335938
13796,512,99375,194.091797
13797,512,101583,198.404297
13798,512,96375,188.232422
13799,512,100333,195.962891
13800,512,102209,199.626953
13801,512,100542,196.371094
13802,512,98958,193.277344
13803,512,98875,193.115234
13804,512,103792,202.718750
13805,512,100583,196.451172
13806,512,100667,196.615234
13807,512,100375,196.044922
13808,512,101292,197.835938
13809,512,99625,194.580078
13810,512,99125,193.603516
13811,512,103125,201.416016
13812,512,99708,194.742188
13813,512,97042,189.535156
13814,512,98917,193.197266
13815,512,97708,190.835938
13816,512,101417,198.080078
13817,512,100666,196.613281
13818,512,100833,196.939453
13819,512,98667,192.708984
13820,512,101000,197.265625
13821,512,101958,199.136719
13822,512,104584,204.265625
13823,512,102916,201.007812
13824,512,101208,197.671875
13825,512,99167,193.685547
13826,512,103250,201.660156
13827,512,101500,198.242188
13828,512,141625,276.611328
13829,512,152541,297.931641
13830,512,111209,217.205078
13831,512,106834,208.660156
13832,512,110333,215.494141
13833,512,126875,247.802734
13834,512,149459,291.912109
13835,512,112416,219.562500
13836,512,118292,231.039062
13837,512,108583,212.076172
13838,512,106417,207.845703
13839,512,109625,214.111328
13840,512,108208,211.343750
13841,512,108333,211.587891
13842,512,110834,216.472656
13843,512,104334,203.777344
13844,512,108417,211.751953
13845,512,103750,202.636719
13846,512,105041,205.158203
13847,512,118833,232.095703
13848,512,107542,210.042969
13849,512,100250,195.800781
13850,512,105458,205.972656
13851,512,101833,198.892578
13852,512,98333,192.056641
13853,512,98333,192.056641
13854,512,97959,191.326172
13855,512,97333,190.103516
13856,512,115916,226.398438
13857,512,105709,206.462891
13858,512,96791,189.044922
13859,512,97875,191.162109
13860,512,97459,190.349609
13861,512,96959,189.373047
13862,512,94917,185.384766
13863,512,96375,188.232422
13864,512,99125,193.603516
13865,512,94292,184.164062
13866,512,97833,191.080078
13867,512,96708,188.882812
13868,512,91750,179.199219
13869,512,96833,189.126953
13870,512,94625,184.814453
13871,512,95708,186.929688
13872,512,96250,187.988281
13873,512,94834,185.222656
13874,512,94250,184.082031
13875,512,96916,189.289062
13876,512,94000,183.593750
13877,512,93958,183.511719
13878,512,93292,182.210938
13879,512,96375,188.232422
13880,512,92291,180.255859
13881,512,93042,181.722656
13882,512,95625,186.767578
13883,512,94292,184.164062
13884,512,96791,189.044922
13885,512,96875,189.208984
13886,512,93958,183.511719
13887,512,95709,186.931641
13888,512,93208,182.046875
13889,512,91125,177.978516
13890,512,91541,178.791016
13891,512,94208,184.000000
13892,512,91417,178.548828
13893,512,92292,180.257812
13894,512,94667,184.896484
13895,512,108125,211.181641
13896,512,93375,182.373047
13897,512,93958,183.511719
13898,512,93417,182.455078
13899,512,90875,177.490234
13900,512,90291,176.349609
13901,512,91917,179.525391
13902,512,93125,181.884766
13903,512,90666,177.082031
13904,512,92833,181.314453
13905,512,90083,175.943359
13906,512,92875,181.396484
13907,512,91458,178.628906
13908,512,89458,174.722656
13909,512,91125,177.978516
13910,512,95250,186.035156
13911,512,90542,176.839844
13912,512,90500,176.757812
13913,512,92167,180.013672
13914,512,91584,178.875000
13915,512,90417,176.595703
13916,512,88958,173.746094
13917,512,92583,180.826172
13918,512,90625,177.001953
13919,512,93334,182.292969
13920,512,90250,176.269531
13921,512,91625,178.955078
13922,512,88834,173.503906
13923,512,92042,179.769531
13924,512,95208,185.953125
13925,512,93583,182.779297
13926,512,112209,219.158203
13927,512,113208,221.109375
13928,512,101083,197.427734
13929,512,100167,195.638672
13930,512,107667,210.287109
13931,512,118000,230.468750
13932,512,115584,225.750000
13933,512,90959,177.654297
13934,512,93125,181.884766
13935,512,92000,179.687500
13936,512,93625,182.861328
13937,512,94209,184.001953
13938,512,90125,176.025391
13939,512,91500,178.710938
13940,512,91750,179.199219
13941,512,88709,173.259766
13942,512,88791,173.419922
13943,512,88667,173.177734
13944,512,88125,172.119141
13945,512,89958,175.699219
13946,512,96000,187.500000
13947,512,130000,253.906250
13948,512,102042,199.300781
13949,512,94083,183.755859
13950,512,95458,186.441406
13951,512,92417,180.501953
13952,512,93458,182.535156
13953,512,96500,188.476562
13954,512,94250,184.082031
13955,512,93625,182.861328
13956,512,95250,186.035156
13957,512,98084,191.570312
13958,512,95750,187.011719
13959,512,96000,187.500000
13960,512,94459,184.490234
13961,512,97875,191.162109
13962,512,113250,221.191406
13963,512,134334,262.371094
13964,512,141209,275.798828
13965,512,130833,255.533203
13966,512,118083,230.630859
13967,512,114917,224.447266
13968,512,130958,255.777344
13969,512,116167,226.888672
13970,512,105666,206.378906
13971,512,105458,205.972656
13972,512,106584,208.171875
13973,512,107792,210.531250
13974,512,110583,215.982422
13975,512,105917,206.869141
13976,512,107708,210.367188
13977,512,109375,213.623047
13978,512,106042,207.113281
13979,512,109250,213.378906
13980,512,106208,207.437500
13981,512,108333,211.587891
13982,512,109125,213.134766
13983,512,108208,211.343750
13984,512,108834,212.566406
13985,512,103666,202.472656
13986,512,103125,201.416016
13987,512,103541,202.228516
13988,512,104750,204.589844
13989,512,103291,201.740234
13990,512,104000,203.125000
13991,512,101875,198.974609
13992,512,104334,203.777344
13993,512,102958,201.089844
13994,512,102083,199.380859
13995,512,104084,203.289062
13996,512,103667,202.474609
13997,512,99333,194.009766
13998,512,103500,202.148438
13999,512,102541,200.275391
14000,512,106625,208.251953
14001,512,107292,209.554688
14002,512,183625,358.642578
14003,512,119625,233.642578
14004,512,130541,254.962891
14005,512,146750,286.621094
14006,512,127542,249.105469
14007,512,125167,244.466797
14008,512,146208,285.562500
14009,512,125125,244.384766
14010,512,115875,226.318359
14011,512,115750,226.074219
14012,512,120958,236.246094
14013,512,116417,227.376953
14014,512,111875,218.505859
14015,512,114375,223.388672
14016,512,115000,224.609375
14017,512,110042,214.925781
14018,512,113458,221.597656
14019,512,113625,221.923828
14020,512,113459,221.599609
14021,512,110708,216.226562
14022,512,109292,213.460938
14023,512,109833,214.517578
14024,512,112875,220.458984
14025,512,110208,215.250000
14026,512,104292,203.695312
14027,512,112000,218.750000
14028,512,113000,220.703125
14029,512,108083,211.099609
14030,512,109375,213.623047
14031,512,109833,214.517578
14032,512,108667,212.240234
14033,512,109958,214.761719
14034,512,108000,210.937500
14035,512,104958,204.996094
14036,512,110875,216.552734
14037,512,109208,213.296875
14038,512,113667,222.005859
14039,512,108416,211.750000
14040,512,105334,205.730469
14041,512,109125,213.134766
14042,512,109333,213.541016
14043,512,107916,210.773438
14044,512,106125,207.275391
14045,512,107292,209.554688
14046,512,109625,214.111328
14047,512,102583,200.357422
14048,512,104917,204.916016
14049,512,102416,200.031250
14050,512,100792,196.859375
14051,512,103666,202.472656
14052,512,107834,210.613281
14053,512,100667,196.615234
14054,512,104208,203.531250
14055,512,104500,204.101562
14056,512,99250,193.847656
14057,512,105000,205.078125
14058,512,103417,201.986328
14059,512,103209,201.580078
14060,512,103625,202.392578
14061,512,105292,205.648438
14062,512,97750,190.917969
14063,512,101500,198.242188
14064,512,112125,218.994141
14065,512,101167,197.591797
14066,512,101375,197.998047
14067,512,104458,204.019531
14068,512,100667,196.615234
14069,512,101083,197.427734
14070,512,101708,198.648438
14071,512,99833,194.986328
14072,512,100542,196.371094
14073,512,102250,199.707031
14074,512,98083,191.568359
14075,512,98375,192.138672
14076,512,102333,199.869141
14077,512,100667,196.615234
14078,512,101917,199.056641
14079,512,98708,192.789062
14080,512,100875,197.021484
14081,512,112750,220.214844
14082,512,140333,274.087891
14083,512,103792,202.718750
14084,512,128375,250.732422
14085,512,105500,206.054688
14086,512,98042,191.488281
14087,512,99458,194.253906
14088,512,100708,196.695312
14089,512,102750,200.683594
14090,512,98375,192.138672
14091,512,103375,201.904297
14092,512,105417,205.892578
14093,512,101041,197.345703
14094,512,99917,195.150391
14095,512,103750,202.636719
14096,512,105167,205.404297
14097,512,99125,193.603516
14098,512,101250,197.753906
14099,512,101041,197.345703
14100,512,97709,190.837891
14101,512,107666,210.285156
14102,512,103542,202.230469
14103,512,103292,201.742188
14104,512,98333,192.056641
14105,512,105375,205.810547
14106,512,95833,187.173828
14107,512,97583,190.591797
14108,512,106167,207.357422
14109,512,99833,194.986328
14110,512,98292,191.976562
14111,512,101458,198.160156
14112,512,101083,197.427734
14113,512,105333,205.728516
14114,512,108667,212.240234
14115,512,109209,213.298828
14116,512,101708,198.648438
14117,512,103583,202.310547
14118,512,100042,195.394531
14119,512,98667,192.708984
14120,512,100500,196.289062
14121,512,102666,200.519531
14122,512,102792,200.765625
14123,512,102208,199.625000
14124,512,102250,199.707031
14125,512,99916,195.148438
14126,512,101042,197.347656
14127,512,97583,190.591797
14128,512,96625,188.720703
14129,512,104625,204.345703
14130,512,167334,326.824219
14131,512,117584,229.656250
14132,512,112416,219.562500
14133,512,117917,230.306641
14134,512,114542,223.714844
14135,512,110083,215.005859
14136,512,108500,211.914062
14137,512,112209,219.158203
14138,512,109875,214.599609
14139,512,105584,206.218750
14140,512,108250,211.425781
14141,512,108625,212.158203
14142,512,113000,220.703125
14143,512,125500,245.117188
14144,512,121708,237.710938
14145,512,110208,215.250000
14146,512,108750,212.402344
14147,512,122125,238.525391
14148,512,119542,233.480469
14149,512,105417,205.892578
14150,512,103458,202.066406
14151,512,102042,199.300781
14152,512,106959,208.904297
14153,512,105708,206.460938
14154,512,102708,200.601562
14155,512,107750,210.449219
14156,512,102458,200.113281
14157,512,99959,195.232422
14158,512,105541,206.134766
14159,512,108250,211.425781
14160,512,104958,204.996094
14161,512,104500,204.101562
14162,512,107166,209.308594
14163,512,104375,203.857422
14164,512,102042,199.300781
14165,512,104541,204.181641
14166,512,103084,201.335938
14167,512,102875,200.927734
14168,512,101625,198.486328
14169,512,107708,210.367188
14170,512,101125,197.509766
14171,512,104125,203.369141
14172,512,101959,199.138672
14173,512,101209,197.673828
14174,512,98875,193.115234
14175,512,102542,200.277344
14176,512,102625,200.439453
14177,512,103250,201.660156
14178,512,101416,198.078125
14179,512,102875,200.927734
14180,512,96208,187.906250
14181,512,98916,193.195312
14182,512,99708,194.742188
14183,512,98500,192.382812
14184,512,96833,189.126953
14185,512,99125,193.603516
14186,512,98916,193.195312
14187,512,96459,188.396484
14188,512,100042,195.394531
14189,512,95708,186.929688
14190,512,94458,184.488281
14191,512,97792,191.000000
14192,512,102791,200.763672
14193,512,97500,190.429688
14194,512,98959,193.279297
14195,512,98917,193.197266
14196,512,98458,192.300781
14197,512,106917,208.822266
14198,512,97416,190.265625
14199,512,94792,185.140625
14200,512,100875,197.021484
14201,512,95542,186.605469
14202,512,100125,195.556641
14203,512,95500,186.523438
14204,512,94000,183.593750
14205,512,95000,185.546875
14206,512,97208,189.859375
14207,512,95791,187.091797
14208,512,98667,192.708984
14209,512,97250,189.941406
14210,512,98334,192.058594
14211,512,98583,192.544922
14212,512,94875,185.302734
14213,512,98167,191.732422
14214,512,94625,184.814453
14215,512,98000,191.406250
14216,512,93875,183.349609
14217,512,97292,190.023438
14218,512,99834,194.988281
14219,512,95791,187.091797
14220,512,93459,182.537109
14221,512,94541,184.650391
14222,512,93084,181.804688
14223,512,95750,187.011719
14224,512,96625,188.720703
14225,512,94292,184.164062
14226,512,106208,207.437500
14227,512,98166,191.730469
14228,512,96542,188.558594
14229,512,95791,187.091797
14230,512,93875,183.349609
14231,512,102292,199.789062
14232,512,94167,183.919922
14233,512,91083,177.896484
14234,512,97417,190.267578
14235,512,97250,189.941406
14236,512,100375,196.044922
14237,512,103375,201.904297
14238,512,92750,181.152344
14239,512,93792,183.187500
14240,512,93208,182.046875
14241,512,95500,186.523438
14242,512,92209,180.095703
14243,512,94166,183.917969
14244,512,93750,183.105469
14245,512,98334,192.058594
14246,512,92416,180.500000
14247,512,94708,184.976562
14248,512,94500,184.570312
14249,512,92417,180.501953
14250,512,92208,180.093750
14251,512,95208,185.953125
14252,512,91167,178.060547
14253,512,95250,186.035156
14254,512,93750,183.105469
14255,512,93250,182.128906
14256,512,89833,175.455078
14257,512,92125,179.931641
14258,512,97333,190.103516
14259,512,91209,178.142578
14260,512,93292,182.210938
14261,512,95167,185.873047
14262,512,90375,176.513672
14263,512,90959,177.654297
14264,512,91834,179.363281
14265,512,90709,177.166016
14266,512,90833,177.408203
14267,512,93125,181.884766
14268,512,94125,183.837891
14269,512,91208,178.140625
14270,512,92459,180.583984
14271,512,92750,181.152344
14272,512,89209,174.236328
14273,512,90625,177.001953
14274,512,91750,179.199219
14275,512,93167,181.966797
14276,512,90000,175.781250
14277,512,91958,179.605469
14278,512,91125,177.978516
14279,512,91333,178.384766
14280,512,91750,179.199219
14281,512,93958,183.511719
14282,512,90250,176.269531
14283,512,89208,174.234375
14284,512,91167,178.060547
14285,512,90916,177.570312
14286,512,91083,177.896484
14287,512,94667,184.896484
14288,512,89792,175.375000
14289,512,90833,177.408203
14290,512,87875,171.630859
14291,512,92625,180.908203
14292,512,89458,174.722656
14293,512,92542,180.746094
14294,512,94250,184.082031
14295,512,90791,177.326172
14296,512,90917,177.572266
14297,512,95125,185.791016
14298,512,94250,184.082031
14299,512,89291,174.396484
14300,512,91125,177.978516
14301,512,93042,181.722656
14302,512,89500,174.804688
14303,512,90833,177.408203
14304,512,91042,177.816406
14305,512,90541,176.837891
14306,512,91125,177.978516
14307,512,91875,179.443359
14308,512,93042,181.722656
14309,512,88166,172.199219
14310,512,85667,167.318359
14311,512,93292,182.210938
14312,512,89208,174.234375
14313,512,87000,169.921875
14314,512,87292,170.492188
14315,512,91500,178.710938
14316,512,91500,178.710938
14317,512,89291,174.396484
14318,512,89750,175.292969
14319,512,93834,183.269531
14320,512,90583,176.919922
14321,512,92750,181.152344
14322,512,90750,177.246094
14323,512,92167,180.013672
14324,512,88333,172.525391
14325,512,88875,173.583984
14326,512,88666,173.175781
14327,512,89750,175.292969
14328,512,89167,174.154297
14329,512,88708,173.257812
14330,512,89459,174.724609
14331,512,92000,179.687500
14332,512,86750,169.433594
14333,512,90667,177.083984
14334,512,89000,173.828125
14335,512,88541,172.931641
14336,512,87959,171.794922
14337,512,89542,174.886719
14338,512,89291,174.396484
14339,512,90667,177.083984
14340,512,98125,191.650391
14341,512,88583,173.013672
14342,512,90625,177.001953
14343,512,89417,174.642578
14344,512,94292,184.164062
14345,512,89875,175.537109
14346,512,94125,183.837891
14347,512,90458,176.675781
14348,512,89250,174.316406
14349,512,88292,172.445312
14350,512,90875,177.490234
14351,512,91166,178.058594
14352,512,89167,174.154297
14353,512,90792,177.328125
14354,512,88209,172.283203
14355,512,89583,174.966797
14356,512,87375,170.654297
14357,512,89042,173.910156
14358,512,91834,179.363281
14359,512,87791,171.466797
14360,512,89500,174.804688
14361,512,92958,181.558594
14362,512,89250,174.316406
14363,512,88917,173.666016
14364,512,91666,179.035156
14365,512,88959,173.748047
14366,512,92500,180.664062
14367,512,87209,170.330078
14368,512,90708,177.164062
14369,512,88375,172.607422
14370,512,88167,172.201172
14371,512,89333,174.478516
14372,512,88167,172.201172
14373,512,91000,177.734375
14374,512,92042,179.769531
14375,512,88666,173.175781
14376,512,89125,174.072266
14377,512,88667,173.177734
14378,512,88667,173.177734
14379,512,88875,173.583984
14380,512,89333,174.478516
14381,512,88542,172.933594
14382,512,90875,177.490234
14383,512,89875,175.537109
14384,512,88500,172.851562
14385,512,87500,170.898438
14386,512,90292,176.351562
14387,512,86833,169.595703
14388,512,91042,177.816406
14389,512,90458,176.675781
14390,512,86667,169.271484
14391,512,89291,174.396484
14392,512,87042,170.003906
14393,512,91250,178.222656
14394,512,93750,183.105469
14395,512,89167,174.154297
14396,512,87000,169.921875
14397,512,92166,180.011719
14398,512,88000,171.875000
14399,512,91167,178.060547
14400,512,86375,168.701172
14401,512,89333,174.478516
14402,512,88708,173.257812
14403,512,87917,171.712891
14404,512,88083,172.037109
14405,512,87833,171.548828
14406,512,89667,175.130859
14407,512,86750,169.433594
14408,512,86375,168.701172
14409,512,85750,167.480469
14410,512,87291,170.490234
14411,512,91792,179.281250
14412,512,90041,175.861328
14413,512,87417,170.736328
14414,512,90250,176.269531
14415,512,90375,176.513672
14416,512,88791,173.419922
14417,512,86834,169.597656
14418,512,88916,173.664062
14419,512,91750,179.199219
14420,512,87667,171.224609
14421,512,89250,174.316406
14422,512,88208,172.281250
14423,512,87708,171.304688
14424,512,91083,177.896484
14425,512,87375,170.654297
14426,512,92209,180.095703
14427,512,87958,171.792969
14428,512,90416,176.593750
14429,512,88959,173.748047
14430,512,89708,175.210938
14431,512,88083,172.037109
14432,512,89250,174.316406
14433,512,90208,176.187500
14434,512,89625,175.048828
14435,512,90208,176.187500
14436,512,89042,173.910156
14437,512,91458,178.628906
14438,512,89750,175.292969
14439,512,90792,177.328125
14440,512,90500,176.757812
14441,512,88541,172.931641
14442,512,90542,176.839844
14443,512,88000,171.875000
14444,512,88875,173.583984
14445,512,94083,183.755859
14446,512,91625,178.955078
14447,512,89917,175.619141
14448,512,90375,176.513672
14449,512,90833,177.408203
14450,512,88167,172.201172
14451,512,89542,174.886719
14452,512,107000,208.984375
14453,512,93583,182.779297
14454,512,90167,176.107422
14455,512,98125,191.650391
14456,512,96041,187.580078
14457,512,93458,182.535156
14458,512,93875,183.349609
14459,512,101042,197.347656
14460,512,93583,182.779297
14461,512,93833,183.267578
14462,512,91750,179.199219
14463,512,92208,180.093750
14464,512,93208,182.046875
14465,512,94875,185.302734
14466,512,95417,186.361328
14467,512,96541,188.556641
14468,512,90292,176.351562
14469,512,93417,182.455078
14470,512,93542,182.699219
14471,512,93041,181.720703
14472,512,92583,180.826172
14473,512,95334,186.199219
14474,512,91625,178.955078
14475,512,92500,180.664062
14476,512,91250,178.222656
14477,512,94042,183.675781
14478,512,92458,180.582031
14479,512,96667,188.802734
14480,512,96416,188.312500
14481,512,93625,182.861328
14482,512,92667,180.990234
14483,512,94416,184.406250
14484,512,92750,181.152344
14485,512,91458,178.628906
14486,512,92333,180.337891
14487,512,94500,184.570312
14488,512,93417,182.455078
14489,512,93500,182.617188
14490,512,93875,183.349609
14491,512,93459,182.537109
14492,512,96833,189.126953
14493,512,95083,185.708984
14494,512,92875,181.396484
14495,512,93833,183.267578
14496,512,94083,183.755859
14497,512,94584,184.734375
14498,512,96041,187.580078
14499,512,98167,191.732422
14500,512,97292,190.023438
14501,512,95834,187.175781
14502,512,94375,184.326172
14503,512,94875,185.302734
14504,512,92416,180.500000
14505,512,90959,177.654297
14506,512,91292,178.304688
14507,512,92875,181.396484
14508,512,91792,179.281250
14509,512,96041,187.580078
14510,512,91542,178.792969
14511,512,90666,177.082031
14512,512,94334,184.246094
14513,512,90250,176.269531
14514,512,91709,179.119141
14515,512,90875,177.490234
14516,512,94042,183.675781
14517,512,92375,180.419922
14518,512,90792,177.328125
14519,512,91791,179.279297
14520,512,93708,183.023438
14521,512,95834,187.175781
14522,512,91375,178.466797
14523,512,98042,191.488281
14524,512,93333,182.291016
14525,512,92625,180.908203
14526,512,96166,187.824219
14527,512,90125,176.025391
14528,512,92666,180.988281
14529,512,92334,180.339844
14530,512,91000,177.734375
14531,512,92291,180.255859
14532,512,92417,180.501953
14533,512,94750,185.058594
14534,512,93542,182.699219
14535,512,90584,176.921875
14536,512,93125,181.884766
14537,512,90459,176.677734
14538,512,91333,178.384766
14539,512,92958,181.558594
14540,512,89834,175.457031
14541,512,90417,176.595703
14542,512,93208,182.046875
14543,512,92792,181.234375
14544,512,91584,178.875000
14545,512,90584,176.921875
14546,512,90000,175.781250
14547,512,94083,183.755859
14548,512,92417,180.501953
14549,512,89708,175.210938
14550,512,89333,174.478516
14551,512,92167,180.013672
14552,512,90083,175.943359
14553,512,89708,175.210938
14554,512,93208,182.046875
14555,512,92625,180.908203
14556,512,92208,180.093750
14557,512,90625,177.001953
14558,512,91708,179.117188
14559,512,91542,178.792969
14560,512,90208,176.187500
14561,512,90542,176.839844
14562,512,90250,176.269531
14563,512,93375,182.373047
14564,512,90291,176.349609
14565,512,91000,177.734375
14566,512,89041,173.908203
14567,512,89667,175.130859
14568,512,92583,180.826172
14569,512,91167,178.060547
14570,512,90333,176.431641
14571,512,90417,176.595703
14572,512,90250,176.269531
14573,512,93125,181.884766
14574,512,104667,204.427734
14575,512,90500,176.757812
14576,512,98916,193.195312
14577,512,89083,173.990234
14578,512,92500,180.664062
14579,512,90917,177.572266
14580,512,90041,175.861328
14581,512,94875,185.302734
14582,512,90584,176.921875
14583,512,93917,183.431641
14584,512,88833,173.501953
14585,512,89417,174.642578
14586,512,90958,177.652344
14587,512,88375,172.607422
14588,512,89541,174.884766
14589,512,89334,174.480469
14590,512,88917,173.666016
14591,512,87500,170.898438
14592,512,90375,176.513672
14593,512,91708,179.117188
14594,512,88292,172.445312
14595,512,90416,176.593750
14596,512,88209,172.283203
14597,512,93959,183.513672
14598,512,93125,181.884766
14599,512,95291,186.115234
14600,512,94583,184.732422
14601,512,95042,185.628906
14602,512,95458,186.441406
14603,512,95167,185.873047
14604,512,94208,184.000000
14605,512,96208,187.906250
14606,512,94042,183.675781
14607,512,95916,187.335938
14608,512,96750,188.964844
14609,512,93084,181.804688
14610,512,107500,209.960938
14611,512,90708,177.164062
14612,512,91375,178.466797
14613,512,95417,186.361328
14614,512,90583,176.919922
14615,512,90542,176.839844
14616,512,93875,183.349609
14617,512,91125,177.978516
14618,512,92417,180.501953
14619,512,91375,178.466797
14620,512,88875,173.583984
14621,512,91584,178.875000
14622,512,90292,176.351562
14623,512,93542,182.699219
14624,512,90833,177.408203
14625,512,89542,174.886719
14626,512,89916,175.617188
14627,512,92583,180.826172
14628,512,93167,181.966797
14629,512,92333,180.337891
14630,512,91584,178.875000
14631,512,93209,182.048828
14632,512,87291,170.490234
14633,512,90458,176.675781
14634,512,91334,178.386719
14635,512,89459,174.724609
14636,512,91000,177.734375
14637,512,87125,170.166016
14638,512,89291,174.396484
14639,512,95459,186.443359
14640,512,90125,176.025391
14641,512,91125,177.978516
14642,512,91875,179.443359
14643,512,89125,174.072266
14644,512,92917,181.478516
14645,512,88583,173.013672
14646,512,90875,177.490234
14647,512,90292,176.351562
14648,512,89375,174.560547
14649,512,91083,177.896484
14650,512,91417,178.548828
14651,512,92459,180.583984
14652,512,89541,174.884766
14653,512,91625,178.955078
14654,512,89500,174.804688
14655,512,89042,173.910156
14656,512,93209,182.048828
14657,512,91709,179.119141
14658,512,90417,176.595703
14659,512,90417,176.595703
14660,512,90917,177.572266
14661,512,88542,172.933594
14662,512,87708,171.304688
14663,512,89333,174.478516
14664,512,89375,174.560547
14665,512,86500,168.945312
14666,512,86500,168.945312
14667,512,87459,170.818359
14668,512,88666,173.175781
14669,512,95708,186.929688
14670,512,86875,169.677734
14671,512,92459,180.583984
14672,512,87792,171.468750
14673,512,88333,172.525391
14674,512,88333,172.525391
14675,512,89834,175.457031
14676,512,88666,173.175781
14677,512,89667,175.130859
14678,512,87333,170.572266
14679,512,91083,177.896484
14680,512,88417,172.689453
14681,512,89958,175.699219
14682,512,87250,170.410156
14683,512,88417,172.689453
14684,512,89791,175.373047
14685,512,87417,170.736328
14686,512,88875,173.583984
14687,512,90209,176.189453
14688,512,88416,172.687500
14689,512,87167,170.248047
14690,512,87875,171.630859
14691,512,94708,184.976562
14692,512,84250,164.550781
14693,512,87292,170.492188
14694,512,86666,169.269531
14695,512,92000,179.687500
14696,512,88209,172.283203
14697,512,86541,169.025391
14698,512,88917,173.666016
14699,512,87250,170.410156
14700,512,85875,167.724609
14701,512,87417,170.736328
14702,512,86500,168.945312
14703,512,86750,169.433594
14704,512,86042,168.050781
14705,512,86041,168.048828
14706,512,88750,173.339844
14707,512,85875,167.724609
14708,512,89000,173.828125
14709,512,86958,169.839844
14710,512,90417,176.595703
14711,512,87500,170.898438
14712,512,90083,175.943359
14713,512,88833,173.501953
14714,512,84292,164.632812
14715,512,85875,167.724609
14716,512,87291,170.490234
14717,512,92709,181.072266
14718,512,89458,174.722656
14719,512,86625,169.189453
14720,512,87625,171.142578
14721,512,88625,173.095703
14722,512,86375,168.701172
14723,512,86542,169.027344
14724,512,89417,174.642578
14725,512,89584,174.968750
14726,512,84667,165.365234
14727,512,87208,170.328125
14728,512,87708,171.304688
14729,512,86542,169.027344
14730,512,85042,166.097656
14731,512,85375,166.748047
14732,512,86833,169.595703
14733,512,87208,170.328125
14734,512,86250,168.457031
14735,512,87000,169.921875
14736,512,85583,167.154297
14737,512,86125,168.212891
14738,512,87792,171.468750
14739,512,90166,176.105469
14740,512,86042,168.050781
14741,512,84708,165.445312
14742,512,88208,172.281250
14743,512,88583,173.013672
14744,512,88209,172.283203
14745,512,86542,169.027344
14746,512,86000,167.968750
14747,512,87125,170.166016
14748,512,89833,175.455078
14749,512,87083,170.083984
14750,512,86292,168.539062
14751,512,85042,166.097656
14752,512,86250,168.457031
14753,512,86041,168.048828
14754,512,87000,169.921875
14755,512,86417,168.783203
14756,512,89292,174.398438
14757,512,87250,170.410156
14758,512,85083,166.177734
14759,512,85666,167.316406
14760,512,87000,169.921875
14761,512,87667,171.224609
14762,512,89375,174.560547
14763,512,85875,167.724609
14764,512,89708,175.210938
14765,512,87625,171.142578
14766,512,88125,172.119141
14767,512,85917,167.806641
14768,512,85083,166.177734
14769,512,86750,169.433594
14770,512,86292,168.539062
14771,512,87708,171.304688
14772,512,88542,172.933594
14773,512,85166,166.339844
14774,512,85375,166.748047
14775,512,87875,171.630859
14776,512,86000,167.968750
14777,512,87833,171.548828
14778,512,86209,168.376953
14779,512,86875,169.677734
14780,512,87333,170.572266
14781,512,86667,169.271484
14782,512,84000,164.062500
14783,512,93042,181.722656
14784,512,86917,169.759766
14785,512,83500,163.085938
14786,512,85708,167.398438
14787,512,88041,171.955078
14788,512,85375,166.748047
14789,512,85375,166.748047
14790,512,87167,170.248047
14791,512,87041,170.001953
14792,512,86459,168.865234
14793,512,88666,173.175781
14794,512,88125,172.119141
14795,512,86083,168.130859
14796,512,101833,198.892578
14797,512,93667,182.943359
14798,512,85916,167.804688
14799,512,87917,171.712891
14800,512,88500,172.851562
14801,512,87541,170.978516
14802,512,87292,170.492188
14803,512,87250,170.410156
14804,512,89125,174.072266
14805,512,88334,172.527344
14806,512,86416,168.781250
14807,512,89250,174.316406
14808,512,88875,173.583984
14809,512,87292,170.492188
14810,512,87000,169.921875
14811,512,88459,172.771484
14812,512,86875,169.677734
14813,512,89250,174.316406
14814,512,86375,168.701172
14815,512,88000,171.875000
14816,512,87542,170.980469
14817,512,88250,172.363281
14818,512,88917,173.666016
14819,512,86291,168.537109
14820,512,85959,167.888672
14821,512,88834,173.503906
14822,512,88792,173.421875
14823,512,85916,167.804688
14824,512,87000,169.921875
14825,512,87458,170.816406
14826,512,86292,168.539062
14827,512,91625,178.955078
14828,512,91459,178.630859
14829,512,85916,167.804688
14830,512,86667,169.271484
14831,512,102750,200.683594
14832,512,91125,177.978516
14833,512,91250,178.222656
14834,512,89583,174.966797
14835,512,89708,175.210938
14836,512,89667,175.130859
14837,512,91666,179.035156
14838,512,92750,181.152344
14839,512,91959,179.607422
14840,512,90791,177.326172
14841,512,94292,184.164062
14842,512,91625,178.955078
14843,512,90042,175.863281
14844,512,92250,180.175781
14845,512,92041,179.767578
14846,512,95125,185.791016
14847,512,93334,182.292969
14848,512,93708,183.023438
14849,512,95458,186.441406
14850,512,94208,184.000000
14851,512,90542,176.839844
14852,512,91250,178.222656
14853,512,99084,193.523438
14854,512,99250,193.847656
14855,512,95875,187.255859
14856,512,95166,185.871094
14857,512,94167,183.919922
14858,512,95917,187.337891
14859,512,94791,185.138672
14860,512,95042,185.628906
14861,512,94916,185.382812
14862,512,94917,185.384766
14863,512,92500,180.664062
14864,512,92250,180.175781
14865,512,93875,183.349609
14866,512,93333,182.291016
14867,512,95416,186.359375
14868,512,94125,183.837891
14869,512,94708,184.976562
14870,512,107667,210.287109
14871,512,92792,181.234375
14872,512,103833,202.798828
14873,512,94167,183.919922
14874,512,95709,186.931641
14875,512,102041,199.298828
14876,512,95042,185.628906
14877,512,98542,192.464844
14878,512,93375,182.373047
14879,512,99125,193.603516
14880,512,94084,183.757812
14881,512,93666,182.941406
14882,512,94042,183.675781
14883,512,93416,182.453125
14884,512,93000,181.640625
14885,512,92708,181.070312
14886,512,91292,178.304688
14887,512,92250,180.175781
14888,512,93291,182.208984
14889,512,96042,187.582031
14890,512,92166,180.011719
14891,512,93834,183.269531
14892,512,98208,191.812500
14893,512,90583,176.919922
14894,512,94500,184.570312
14895,512,91417,178.548828
14896,512,92333,180.337891
14897,512,91833,179.361328
14898,512,90584,176.921875
14899,512,91709,179.119141
14900,512,91750,179.199219
14901,512,95959,187.419922
14902,512,89833,175.455078
14903,512,92583,180.826172
14904,512,89792,175.375000
14905,512,89958,175.699219
14906,512,89208,174.234375
14907,512,94667,184.896484
14908,512,89666,175.128906
14909,512,92459,180.583984
14910,512,92041,179.767578
14911,512,89042,173.910156
14912,512,87916,171.710938
14913,512,89583,174.966797
14914,512,90292,176.351562
14915,512,92250,180.175781
14916,512,90750,177.246094
14917,512,87458,170.816406
14918,512,91875,179.443359
14919,512,88542,172.933594
14920,512,87375,170.654297
14921,512,90125,176.025391
14922,512,87625,171.142578
14923,512,88542,172.933594
14924,512,89875,175.537109
14925,512,92042,179.769531
14926,512,86333,168.619141
14927,512,88709,173.259766
14928,512,90209,176.189453
14929,512,87334,170.574219
14930,512,88042,171.957031
14931,512,88833,173.501953
14932,512,87875,171.630859
14933,512,89167,174.154297
14934,512,87541,170.978516
14935,512,88125,172.119141
14936,512,91959,179.607422
14937,512,88250,172.363281
14938,512,90375,176.513672
14939,512,85667,167.318359
14940,512,87500,170.898438
14941,512,88791,173.419922
14942,512,89250,174.316406
14943,512,87292,170.492188
14944,512,88333,172.525391
14945,512,90541,176.837891
14946,512,86667,169.271484
14947,512,91666,179.035156
14948,512,87792,171.468750
14949,512,88750,173.339844
14950,512,87958,171.792969
14951,512,89125,174.072266
14952,512,88708,173.257812
14953,512,88375,172.607422
14954,512,88291,172.443359
14955,512,88334,172.527344
14956,512,90000,175.781250
14957,512,88125,172.119141
14958,512,85667,167.318359
14959,512,89083,173.990234
14960,512,86958,169.839844
14961,512,87667,171.224609
14962,512,87541,170.978516
14963,512,87167,170.248047
14964,512,93041,181.720703
14965,512,102000,199.218750
14966,512,89000,173.828125
14967,512,88542,172.933594
14968,512,87041,170.001953
14969,512,87667,171.224609
14970,512,87916,171.710938
14971,512,90708,177.164062
14972,512,90375,176.513672
14973,512,88792,173.421875
14974,512,91500,178.710938
14975,512,96500,188.476562
14976,512,88292,172.445312
14977,512,88125,172.119141
14978,512,88208,172.281250
14979,512,89042,173.910156
14980,512,85625,167.236328
14981,512,88667,173.177734
14982,512,91791,179.279297
14983,512,88709,173.259766
14984,512,86833,169.595703
14985,512,88000,171.875000
14986,512,86666,169.269531
14987,512,90667,177.083984
14988,512,89750,175.292969
14989,512,87250,170.410156
14990,512,86542,169.027344
14991,512,96958,189.371094
14992,512,98333,192.056641
14993,512,86583,169.107422
14994,512,85417,166.830078
14995,512,87917,171.712891
14996,512,87084,170.085938
14997,512,85375,166.748047
14998,512,89000,173.828125
14999,512,101875,198.974609
15000,512,87834,171.550781
15001,512,88000,171.875000
15002,512,91083,177.896484
15003,512,85083,166.177734
15004,512,91334,178.386719
15005,512,84917,165.853516
15006,512,88416,172.687500
15007,512,88250,172.363281
15008,512,87000,169.921875
15009,512,86583,169.107422
15010,512,88000,171.875000
15011,512,89584,174.968750
15012,512,88916,173.664062
15013,512,90750,177.246094
15014,512,85000,166.015625
15015,512,85917,167.806641
15016,512,87875,171.630859
15017,512,88917,173.666016
15018,512,90416,176.593750
15019,512,90709,177.166016
15020,512,89625,175.048828
15021,512,85334,166.667969
15022,512,88625,173.095703
15023,512,90042,175.863281
15024,512,89375,174.560547
15025,512,87916,171.710938
15026,512,87208,170.328125
15027,512,86459,168.865234
15028,512,87250,170.410156
15029,512,88333,172.525391
15030,512,86208,168.375000
15031,512,87042,170.003906
15032,512,88792,173.421875
15033,512,85709,167.400391
15034,512,86709,169.353516
15035,512,88334,172.527344
15036,512,89000,173.828125
15037,512,86583,169.107422
15038,512,86208,168.375000
15039,512,86333,168.619141
15040,512,86250,168.457031
15041,512,88000,171.875000
15042,512,87417,170.736328
15043,512,85833,167.642578
15044,512,84292,164.632812
15045,512,89291,174.396484
15046,512,88375,172.607422
15047,512,88333,172.525391
15048,512,86292,168.539062
15049,512,87916,171.710938
15050,512,87584,171.062500
15051,512,86083,168.130859
15052,512,88833,173.501953
15053,512,106084,207.195312
15054,512,92542,180.746094
15055,512,90458,176.675781
15056,512,100500,196.289062
15057,512,90583,176.919922
15058,512,88500,172.851562
15059,512,89333,174.478516
15060,512,90208,176.187500
15061,512,86709,169.353516
15062,512,89375,174.560547
15063,512,89750,175.292969
15064,512,88167,172.201172
15065,512,86666,169.269531
15066,512,91584,178.875000
15067,512,90708,177.164062
15068,512,87833,171.548828
15069,512,89000,173.828125
15070,512,93375,182.373047
15071,512,85917,167.806641
15072,512,88500,172.851562
15073,512,88375,172.607422
15074,512,89792,175.375000
15075,512,91000,177.734375
15076,512,84542,165.121094
15077,512,89291,174.396484
15078,512,92667,180.990234
15079,512,89000,173.828125
15080,512,90916,177.570312
15081,512,89833,175.455078
15082,512,86292,168.539062
15083,512,86083,168.130859
15084,512,86583,169.107422
15085,512,85625,167.236328
15086,512,86459,168.865234
15087,512,90083,175.943359
15088,512,89917,175.619141
15089,512,89042,173.910156
15090,512,88458,172.769531
15091,512,85667,167.318359
15092,512,87667,171.224609
15093,512,89958,175.699219
15094,512,87667,171.224609
15095,512,88708,173.257812
15096,512,90250,176.269531
15097,512,87666,171.222656
15098,512,88959,173.748047
15099,512,146750,286.621094
15100,512,103584,202.312500
15101,512,107667,210.287109
15102,512,103208,201.578125
15103,512,98333,192.056641
15104,512,103750,202.636719
15105,512,101500,198.242188
15106,512,98750,192.871094
15107,512,99125,193.603516
15108,512,99334,194.011719
15109,512,99167,193.685547
15110,512,96833,189.126953
15111,512,100708,196.695312
15112,512,96834,189.128906
15113,512,97666,190.753906
15114,512,104209,203.533203
15115,512,101666,198.566406
15116,512,99000,193.359375
15117,512,97125,189.697266
15118,512,94959,185.466797
15119,512,96958,189.371094
15120,512,99125,193.603516
15121,512,96375,188.232422
15122,512,95791,187.091797
15123,512,96417,188.314453
15124,512,97208,189.859375
15125,512,96584,188.640625
15126,512,98833,193.033203
15127,512,96541,188.556641
15128,512,98542,192.464844
15129,512,96125,187.744141
15130,512,94625,184.814453
15131,512,92500,180.664062
15132,512,95541,186.603516
15133,512,94750,185.058594
15134,512,98750,192.871094
15135,512,92958,181.558594
15136,512,92584,180.828125
15137,512,93125,181.884766
15138,512,93541,182.697266
15139,512,94792,185.140625
15140,512,96458,188.394531
15141,512,94083,183.755859
15142,512,96083,187.662109
15143,512,98625,192.626953
15144,512,88834,173.503906
15145,512,97375,190.185547
15146,512,93125,181.884766
15147,512,91875,179.443359
15148,512,94542,184.652344
15149,512,92917,181.478516
15150,512,93958,183.511719
15151,512,94208,184.000000
15152,512,91917,179.525391
15153,512,92416,180.500000
15154,512,94000,183.593750
15155,512,91709,179.119141
15156,512,93083,181.802734
15157,512,95875,187.255859
15158,512,93000,181.640625
15159,512,89291,174.396484
15160,512,90000,175.781250
15161,512,93083,181.802734
15162,512,92792,181.234375
15163,512,90291,176.349609
15164,512,93000,181.640625
15165,512,90375,176.513672
15166,512,91375,178.466797
15167,512,90500,176.757812
15168,512,89750,175.292969
15169,512,90166,176.105469
15170,512,87917,171.712891
15171,512,91167,178.060547
15172,512,90584,176.921875
15173,512,89250,174.316406
15174,512,90375,176.513672
15175,512,91167,178.060547
15176,512,90458,176.675781
15177,512,92334,180.339844
15178,512,90208,176.187500
15179,512,88167,172.201172
15180,512,91584,178.875000
15181,512,90458,176.675781
15182,512,92625,180.908203
15183,512,91792,179.281250
15184,512,87500,170.898438
15185,512,90625,177.001953
15186,512,88833,173.501953
15187,512,88042,171.957031
15188,512,92625,180.908203
15189,512,92125,179.931641
15190,512,89209,174.236328
15191,512,90584,176.921875
15192,512,93417,182.455078
15193,512,91666,179.035156
15194,512,87000,169.921875
15195,512,99375,194.091797
15196,512,92125,179.931641
15197,512,91125,177.978516
15198,512,91500,178.710938
15199,512,89125,174.072266
15200,512,98792,192.953125
15201,512,91500,178.710938
15202,512,99166,193.683594
15203,512,94292,184.164062
15204,512,92916,181.476562
15205,512,91583,178.873047
15206,512,94625,184.814453
15207,512,94833,185.220703
15208,512,92125,179.931641
15209,512,92875,181.396484
15210,512,91125,177.978516
15211,512,91583,178.873047
15212,512,92916,181.476562
15213,512,92000,179.687500
15214,512,93917,183.431641
15215,512,100583,196.451172
15216,512,164208,320.718750
15217,512,105458,205.972656
15218,512,102375,199.951172
15219,512,101750,198.730469
15220,512,102000,199.218750
15221,512,102333,199.869141
15222,512,100042,195.394531
15223,512,99791,194.904297
15224,512,102542,200.277344
15225,512,100583,196.451172
15226,512,100417,196.126953
15227,512,98750,192.871094
15228,512,97000,189.453125
15229,512,99333,194.009766
15230,512,96666,188.800781
15231,512,98834,193.035156
15232,512,98000,191.406250
15233,512,96625,188.720703
15234,512,98750,192.871094
15235,512,111041,216.876953
15236,512,98667,192.708984
15237,512,108125,211.181641
15238,512,99625,194.580078
15239,512,99875,195.068359
15240,512,98333,192.056641
15241,512,98750,192.871094
15242,512,101000,197.265625
15243,512,93458,182.535156
15244,512,94875,185.302734
15245,512,96875,189.208984
15246,512,94833,185.220703
15247,512,96542,188.558594
15248,512,94208,184.000000
15249,512,96833,189.126953
15250,512,93083,181.802734
15251,512,98625,192.626953
15252,512,97375,190.185547
15253,512,94375,184.326172
15254,512,95584,186.687500
15255,512,95500,186.523438
15256,512,91833,179.361328
15257,512,93875,183.349609
15258,512,92042,179.769531
15259,512,93083,181.802734
15260,512,94959,185.466797
15261,512,92750,181.152344
15262,512,91958,179.605469
15263,512,91500,178.710938
15264,512,91958,179.605469
15265,512,91958,179.605469
15266,512,93833,183.267578
15267,512,93042,181.722656
15268,512,90084,175.945312
15269,512,94000,183.593750
15270,512,91709,179.119141
15271,512,92958,181.558594
15272,512,93375,182.373047
15273,512,92625,180.908203
15274,512,91833,179.361328
15275,512,93500,182.617188
15276,512,89875,175.537109
15277,512,92167,180.013672
15278,512,91208,178.140625
15279,512,90417,176.595703
15280,512,91875,179.443359
15281,512,89458,174.722656
15282,512,91916,179.523438
15283,512,90500,176.757812
15284,512,89042,173.910156
15285,512,95584,186.687500
15286,512,91625,178.955078
15287,512,90458,176.675781
15288,512,93667,182.943359
15289,512,88666,173.175781
15290,512,91709,179.119141
15291,512,86167,168.294922
15292,512,91708,179.117188
15293,512,89417,174.642578
15294,512,88625,173.095703
15295,512,90916,177.570312
15296,512,90209,176.189453
15297,512,87708,171.304688
15298,512,90583,176.919922
15299,512,99584,194.500000
15300,512,92250,180.175781
15301,512,90375,176.513672
15302,512,88708,173.257812
15303,512,89417,174.642578
15304,512,89709,175.212891
15305,512,89000,173.828125
15306,512,87791,171.466797
15307,512,89833,175.455078
15308,512,87292,170.492188
15309,512,88875,173.583984
15310,512,87208,170.328125
15311,512,90166,176.105469
15312,512,89417,174.642578
15313,512,89458,174.722656
15314,512,89125,174.072266
15315,512,88334,172.527344
15316,512,88208,172.281250
15317,512,85625,167.236328
15318,512,88375,172.607422
15319,512,87958,171.792969
15320,512,86125,168.212891
15321,512,90000,175.781250
15322,512,103333,201.822266
15323,512,90667,177.083984
15324,512,93750,183.105469
15325,512,87250,170.410156
15326,512,89875,175.537109
15327,512,92375,180.419922
15328,512,82750,161.621094
15329,512,88666,173.175781
15330,512,87667,171.224609
15331,512,92750,181.152344
15332,512,88709,173.259766
15333,512,88250,172.363281
15334,512,86375,168.701172
15335,512,86500,168.945312
15336,512,86709,169.353516
15337,512,85375,166.748047
15338,512,87000,169.921875
15339,512,86041,168.048828
15340,512,87917,171.712891
15341,512,87375,170.654297
15342,512,90417,176.595703
15343,512,89167,174.154297
15344,512,90375,176.513672
15345,512,90833,177.408203
15346,512,90167,176.107422
15347,512,89083,173.990234
15348,512,88875,173.583984
15349,512,89125,174.072266
15350,512,89334,174.480469
15351,512,88083,172.037109
15352,512,86583,169.107422
15353,512,88042,171.957031
15354,512,84250,164.550781
15355,512,88417,172.689453
15356,512,86875,169.677734
15357,512,89250,174.316406
15358,512,87125,170.166016
15359,512,87417,170.736328
15360,512,88750,173.339844
15361,512,88417,172.689453
15362,512,89750,175.292969
15363,512,88250,172.363281
15364,512,89500,174.804688
15365,512,90000,175.781250
15366,512,88458,172.769531
15367,512,87167,170.248047
15368,512,99292,193.929688
15369,512,90125,176.025391
15370,512,88416,172.687500
15371,512,91125,177.978516
15372,512,86542,169.027344
15373,512,88541,172.931641
15374,512,89417,174.642578
15375,512,88833,173.501953
15376,512,87500,170.898438
15377,512,90083,175.943359
15378,512,88834,173.503906
15379,512,89541,174.884766
15380,512,92125,179.931641
15381,512,86625,169.189453
15382,512,87084,170.085938
15383,512,93167,181.966797
15384,512,86167,168.294922
15385,512,87375,170.654297
15386,512,86500,168.945312
15387,512,86042,168.050781
15388,512,88625,173.095703
15389,512,86292,168.539062
15390,512,87334,170.574219
15391,512,83792,163.656250
15392,512,87500,170.898438
15393,512,86333,168.619141
15394,512,88250,172.363281
15395,512,89292,174.398438
15396,512,88458,172.769531
15397,512,87417,170.736328
15398,512,86375,168.701172
15399,512,88250,172.363281
15400,512,89125,174.072266
15401,512,85000,166.015625
15402,512,87917,171.712891
15403,512,87166,170.246094
15404,512,86959,169.841797
15405,512,87084,170.085938
15406,512,87041,170.001953
15407,512,86625,169.189453
15408,512,87250,170.410156
15409,512,86458,168.863281
15410,512,86792,169.515625
15411,512,85750,167.480469
15412,512,84875,165.771484
15413,512,86500,168.945312
15414,512,85750,167.480469
15415,512,86416,168.781250
15416,512,85875,167.724609
15417,512,88917,173.666016
15418,512,84750,165.527344
15419,512,86458,168.863281
15420,512,84250,164.550781
15421,512,87041,170.001953
15422,512,86042,168.050781
15423,512,90208,176.187500
15424,512,86375,168.701172
15425,512,87625,171.142578
15426,512,84542,165.121094
15427,512,87833,171.548828
15428,512,87083,170.083984
15429,512,87583,171.060547
15430,512,90917,177.572266
15431,512,85708,167.398438
15432,512,86125,168.212891
15433,512,86666,169.269531
15434,512,86000,167.968750
15435,512,85959,167.888672
15436,512,86708,169.351562
15437,512,86750,169.433594
15438,512,84875,165.771484
15439,512,86167,168.294922
15440,512,87583,171.060547
15441,512,169167,330.404297
15442,512,99500,194.335938
15443,512,100459,196.208984
15444,512,96708,188.882812
15445,512,96458,188.394531
15446,512,93292,182.210938
15447,512,94166,183.917969
15448,512,98334,192.058594
15449,512,96250,187.988281
15450,512,94875,185.302734
15451,512,93500,182.617188
15452,512,93542,182.699219
15453,512,100916,197.101562
15454,512,94250,184.082031
15455,512,94958,185.464844
15456,512,94584,184.734375
15457,512,106333,207.681641
15458,512,93375,182.373047
15459,512,96208,187.906250
15460,512,95666,186.847656
15461,512,93667,182.943359
15462,512,95875,187.255859
15463,512,95708,186.929688
15464,512,93000,181.640625
15465,512,94125,183.837891
15466,512,94666,184.894531
15467,512,93917,183.431641
15468,512,96125,187.744141
15469,512,93000,181.640625
15470,512,95500,186.523438
15471,512,94459,184.490234
15472,512,91166,178.058594
15473,512,93125,181.884766
15474,512,97292,190.023438
15475,512,92500,180.664062
15476,512,94375,184.326172
15477,512,95541,186.603516
15478,512,92917,181.478516
15479,512,94166,183.917969
15480,512,94959,185.466797
15481,512,96792,189.046875
15482,512,92958,181.558594
15483,512,93750,183.105469
15484,512,94417,184.408203
15485,512,92708,181.070312
15486,512,94875,185.302734
15487,512,94958,185.464844
15488,512,92875,181.396484
15489,512,90833,177.408203
15490,512,94333,184.244141
15491,512,94750,185.058594
15492,512,91375,178.466797
15493,512,95250,186.035156
15494,512,92709,181.072266
15495,512,94042,183.675781
15496,512,93542,182.699219
15497,512,93750,183.105469
15498,512,92958,181.558594
15499,512,96167,187.826172
15500,512,93833,183.267578
15501,512,93333,182.291016
15502,512,94000,183.593750
15503,512,96166,187.824219
15504,512,96833,189.126953
15505,512,95208,185.953125
15506,512,136250,266.113281
15507,512,143750,280.761719
15508,512,101458,198.160156
15509,512,101667,198.568359
15510,512,106458,207.925781
15511,512,110292,215.414062
15512,512,112292,219.320312
15513,512,102625,200.439453
15514,512,100792,196.859375
15515,512,101333,197.916016
15516,512,102542,200.277344
15517,512,98708,192.789062
15518,512,101083,197.427734
15519,512,100125,195.556641
15520,512,99708,194.742188
15521,512,98417,192.220703
15522,512,97041,189.533203
15523,512,100333,195.962891
15524,512,100292,195.882812
15525,512,94917,185.384766
15526,512,98125,191.650391
15527,512,98000,191.406250
15528,512,99500,194.335938
15529,512,98417,192.220703
15530,512,95625,186.767578
15531,512,96375,188.232422
15532,512,98500,192.382812
15533,512,95125,185.791016
15534,512,96958,189.371094
15535,512,98291,191.974609
15536,512,96917,189.291016
15537,512,96042,187.582031
15538,512,95917,187.337891
15539,512,96708,188.882812
15540,512,100125,195.556641
15541,512,96834,189.128906
15542,512,95750,187.011719
15543,512,97750,190.917969
15544,512,92417,180.501953
15545,512,96875,189.208984
15546,512,96833,189.126953
15547,512,96458,188.394531
15548,512,95209,185.955078
15549,512,100917,197.103516
15550,512,97833,191.080078
15551,512,95500,186.523438
15552,512,96834,189.128906
15553,512,97917,191.244141
15554,512,95083,185.708984
15555,512,98875,193.115234
15556,512,98125,191.650391
15557,512,95708,186.929688
15558,512,96292,188.070312
15559,512,94208,184.000000
15560,512,94958,185.464844
15561,512,96667,188.802734
15562,512,95916,187.335938
15563,512,95959,187.419922
15564,512,95375,186.279297
15565,512,93334,182.292969
15566,512,94250,184.082031
15567,512,95250,186.035156
15568,512,95958,187.417969
15569,512,95875,187.255859
15570,512,93958,183.511719
15571,512,95333,186.197266
15572,512,96625,188.720703
15573,512,95875,187.255859
15574,512,94834,185.222656
15575,512,96208,187.906250
15576,512,95666,186.847656
15577,512,95542,186.605469
15578,512,92583,180.826172
15579,512,94541,184.650391
15580,512,95167,185.873047
15581,512,92542,180.746094
15582,512,92375,180.419922
15583,512,96792,189.046875
15584,512,93291,182.208984
15585,512,95334,186.199219
15586,512,97000,189.453125
15587,512,95333,186.197266
15588,512,94458,184.488281
15589,512,100875,197.021484
15590,512,94000,183.593750
15591,512,96333,188.150391
15592,512,91250,178.222656
15593,512,93125,181.884766
15594,512,93583,182.779297
15595,512,96375,188.232422
15596,512,94542,184.652344
15597,512,93500,182.617188
15598,512,95250,186.035156
15599,512,93542,182.699219
15600,512,87708,171.304688
15601,512,91750,179.199219
15602,512,91875,179.443359
15603,512,90083,175.943359
15604,512,90542,176.839844
15605,512,90541,176.837891
15606,512,92625,180.908203
15607,512,95084,185.710938
15608,512,106500,208.007812
15609,512,92166,180.011719
15610,512,92375,180.419922
15611,512,91917,179.525391
15612,512,91667,179.037109
15613,512,95708,186.929688
15614,512,90500,176.757812
15615,512,90583,176.919922
15616,512,95750,187.011719
15617,512,90333,176.431641
15618,512,92958,181.558594
15619,512,88125,172.119141
15620,512,89958,175.699219
15621,512,89459,174.724609
15622,512,88500,172.851562
15623,512,87959,171.794922
15624,512,89125,174.072266
15625,512,88958,173.746094
15626,512,89583,174.966797
15627,512,90792,177.328125
15628,512,90000,175.781250
15629,512,88166,172.199219
15630,512,89042,173.910156
15631,512,87000,169.921875
15632,512,89375,174.560547
15633,512,88792,173.421875
15634,512,88250,172.363281
15635,512,99917,195.150391
15636,512,93583,182.779297
15637,512,88958,173.746094
15638,512,86542,169.027344
15639,512,90875,177.490234
15640,512,89458,174.722656
15641,512,88375,172.607422
15642,512,88959,173.748047
15643,512,89291,174.396484
15644,512,87542,170.980469
15645,512,88583,173.013672
15646,512,88875,173.583984
15647,512,92333,180.337891
15648,512,87542,170.980469
15649,512,103000,201.171875
15650,512,95250,186.035156
15651,512,88042,171.957031
15652,512,87709,171.306641
15653,512,87500,170.898438
15654,512,86917,169.759766
15655,512,86417,168.783203
15656,512,91000,177.734375
15657,512,86791,169.513672
15658,512,85708,167.398438
15659,512,87584,171.062500
15660,512,86833,169.595703
15661,512,88625,173.095703
15662,512,86833,169.595703
15663,512,89417,174.642578
15664,512,87958,171.792969
15665,512,87375,170.654297
15666,512,87708,171.304688
15667,512,88625,173.095703
15668,512,87875,171.630859
15669,512,86125,168.212891
15670,512,88250,172.363281
15671,512,88292,172.445312
15672,512,84750,165.527344
15673,512,87667,171.224609
15674,512,88458,172.769531
15675,512,88042,171.957031
15676,512,88000,171.875000
15677,512,85500,166.992188
15678,512,95166,185.871094
15679,512,102084,199.382812
15680,512,87334,170.574219
15681,512,87459,170.818359
15682,512,87375,170.654297
15683,512,87416,170.734375
15684,512,87542,170.980469
15685,512,88458,172.769531
15686,512,88208,172.281250
15687,512,85292,166.585938
15688,512,87292,170.492188
15689,512,87834,171.550781
15690,512,87500,170.898438
15691,512,89125,174.072266
15692,512,83708,163.492188
15693,512,86792,169.515625
15694,512,84625,165.283203
15695,512,85084,166.179688
15696,512,86625,169.189453
15697,512,87291,170.490234
15698,512,86000,167.968750
15699,512,84917,165.853516
15700,512,87708,171.304688
15701,512,84042,164.144531
15702,512,86875,169.677734
15703,512,89375,174.560547
15704,512,89292,174.398438
15705,512,87666,171.222656
15706,512,83750,163.574219
15707,512,86166,168.292969
15708,512,87750,171.386719
15709,512,86417,168.783203
15710,512,86542,169.027344
15711,512,87958,171.792969
15712,512,86625,169.189453
15713,512,89042,173.910156
15714,512,88333,172.525391
15715,512,86834,169.597656
15716,512,85542,167.074219
15717,512,86750,169.433594
15718,512,86916,169.757812
15719,512,85459,166.912109
15720,512,87459,170.818359
15721,512,87167,170.248047
15722,512,85125,166.259766
15723,512,84833,165.689453
15724,512,87417,170.736328
15725,512,87875,171.630859
15726,512,84542,165.121094
15727,512,84500,165.039062
15728,512,85417,166.830078
15729,512,85709,167.400391
15730,512,86959,169.841797
15731,512,87292,170.492188
15732,512,87833,171.548828
15733,512,86250,168.457031
15734,512,86458,168.863281
15735,512,86000,167.968750
15736,512,86375,168.701172
15737,512,84417,164.876953
15738,512,85666,167.316406
15739,512,87959,171.794922
15740,512,86833,169.595703
15741,512,88000,171.875000
15742,512,85791,167.560547
15743,512,88042,171.957031
15744,512,87000,169.921875
15745,512,84916,165.851562
15746,512,85584,167.156250
15747,512,86584,169.109375
15748,512,87625,171.142578
15749,512,84542,165.121094
15750,512,85833,167.642578
15751,512,86250,168.457031
15752,512,84708,165.445312
15753,512,86167,168.294922
15754,512,87167,170.248047
15755,512,85084,166.179688
15756,512,84416,164.875000
15757,512,87125,170.166016
15758,512,84792,165.609375
15759,512,85209,166.423828
15760,512,86875,169.677734
15761,512,84958,165.933594
15762,512,85958,167.886719
15763,512,85750,167.480469
15764,512,88000,171.875000
15765,512,91542,178.792969
15766,512,85458,166.910156
15767,512,85709,167.400391
15768,512,85041,166.095703
15769,512,85584,167.156250
15770,512,90041,175.861328
15771,512,81917,159.994141
15772,512,85000,166.015625
15773,512,82750,161.621094
15774,512,84083,164.224609
15775,512,84791,165.607422
15776,512,86000,167.968750
15777,512,88666,173.175781
15778,512,87209,170.330078
15779,512,84458,164.957031
15780,512,87250,170.410156
15781,512,88750,173.339844
15782,512,84292,164.632812
15783,512,84416,164.875000
15784,512,87292,170.492188
15785,512,88541,172.931641
15786,512,84750,165.527344
15787,512,87583,171.060547
15788,512,86042,168.050781
15789,512,85709,167.400391
15790,512,87500,170.898438
15791,512,91791,179.279297
15792,512,88917,173.666016
15793,512,87875,171.630859
15794,512,93208,182.046875
15795,512,87917,171.712891
15796,512,86583,169.107422
15797,512,85958,167.886719
15798,512,85875,167.724609
15799,512,84708,165.445312
15800,512,86042,168.050781
15801,512,85916,167.804688
15802,512,85042,166.097656
15803,512,87291,170.490234
15804,512,86625,169.189453
15805,512,84417,164.876953
15806,512,87250,170.410156
15807,512,89500,174.804688
15808,512,86292,168.539062
15809,512,84875,165.771484
15810,512,85834,167.644531
15811,512,86791,169.513672
15812,512,85917,167.806641
15813,512,83750,163.574219
15814,512,85750,167.480469
15815,512,85417,166.830078
15816,512,86208,168.375000
15817,512,90083,175.943359
15818,512,83667,163.412109
15819,512,87958,171.792969
15820,512,87042,170.003906
15821,512,85333,166.666016
15822,512,83542,163.167969
15823,512,85958,167.886719
15824,512,85292,166.585938
15825,512,84583,165.201172
15826,512,85125,166.259766
15827,512,85875,167.724609
15828,512,86625,169.189453
15829,512,86167,168.294922
15830,512,86666,169.269531
15831,512,84084,164.226562
15832,512,82958,162.027344
15833,512,85667,167.318359
15834,512,84333,164.712891
15835,512,83625,163.330078
15836,512,84958,165.933594
15837,512,86708,169.351562
15838,512,85584,167.156250
15839,512,85833,167.642578
15840,512,83625,163.330078
15841,512,85333,166.666016
15842,512,83583,163.248047
15843,512,83334,162.761719
15844,512,85291,166.583984
15845,512,86584,169.109375
15846,512,82583,161.294922
15847,512,85583,167.154297
15848,512,84250,164.550781
15849,512,85209,166.423828
15850,512,83750,163.574219
15851,512,86000,167.968750
15852,512,84417,164.876953
15853,512,84708,165.445312
15854,512,84125,164.306641
15855,512,86125,168.212891
15856,512,84833,165.689453
15857,512,84625,165.283203
15858,512,88583,173.013672
15859,512,83250,162.597656
15860,512,85333,166.666016
15861,512,83542,163.167969
15862,512,86833,169.595703
15863,512,82792,161.703125
15864,512,84542,165.121094
15865,512,83167,162.435547
15866,512,84667,165.365234
15867,512,85875,167.724609
15868,512,84959,165.935547
15869,512,86541,169.025391
15870,512,84167,164.388672
15871,512,89125,174.072266
15872,512,84375,164.794922
15873,512,83125,162.353516
15874,512,84542,165.121094
15875,512,83750,163.574219
15876,512,85917,167.806641
15877,512,83375,162.841797
15878,512,84041,164.142578
15879,512,84542,165.121094
15880,512,88792,173.421875
15881,512,83666,163.410156
15882,512,91250,178.222656
15883,512,85042,166.097656
15884,512,85209,166.423828
15885,512,84333,164.712891
15886,512,85625,167.236328
15887,512,82875,161.865234
15888,512,84875,165.771484
15889,512,85417,166.830078
15890,512,84209,164.470703
15891,512,85792,167.562500
15892,512,81875,159.912109
15893,512,85500,166.992188
15894,512,85875,167.724609
15895,512,85459,166.912109
15896,512,85417,166.830078
15897,512,88542,172.933594
15898,512,85959,167.888672
15899,512,85542,167.074219
15900,512,84208,164.468750
15901,512,85542,167.074219
15902,512,84333,164.712891
15903,512,85583,167.154297
15904,512,83459,163.005859
15905,512,86666,169.269531
15906,512,85875,167.724609
15907,512,85958,167.886719
15908,512,85083,166.177734
15909,512,83583,163.248047
15910,512,85625,167.236328
15911,512,87459,170.818359
15912,512,84833,165.689453
15913,512,85083,166.177734
15914,512,87375,170.654297
15915,512,87458,170.816406
15916,512,87208,170.328125
15917,512,86250,168.457031
15918,512,87084,170.085938
15919,512,86667,169.271484
15920,512,87625,171.142578
15921,512,88250,172.363281
15922,512,85542,167.074219
15923,512,85208,166.421875
15924,512,85958,167.886719
15925,512,84208,164.468750
15926,512,87959,171.794922
15927,512,87541,170.978516
15928,512,98834,193.035156
15929,512,85417,166.830078
15930,512,88417,172.689453
15931,512,89750,175.292969
15932,512,87625,171.142578
15933,512,95541,186.603516
15934,512,89167,174.154297
15935,512,93375,182.373047
15936,512,97125,189.697266
15937,512,93291,182.208984
15938,512,88959,173.748047
15939,512,90084,175.945312
15940,512,90375,176.513672
15941,512,91625,178.955078
15942,512,89583,174.966797
15943,512,90208,176.187500
15944,512,89625,175.048828
15945,512,93417,182.455078
15946,512,90833,177.408203
15947,512,90083,175.943359
15948,512,92209,180.095703
15949,512,89666,175.128906
15950,512,90792,177.328125
15951,512,90583,176.919922
15952,512,90833,177.408203
15953,512,90417,176.595703
15954,512,92583,180.826172
15955,512,89042,173.910156
15956,512,88625,173.095703
15957,512,90416,176.593750
15958,512,92875,181.396484
15959,512,91792,179.281250
15960,512,89958,175.699219
15961,512,92250,180.175781
15962,512,91834,179.363281
15963,512,90459,176.677734
15964,512,89291,174.396484
15965,512,95042,185.628906
15966,512,91167,178.060547
15967,512,92125,179.931641
15968,512,89958,175.699219
15969,512,99625,194.580078
15970,512,88500,172.851562
15971,512,98042,191.488281
15972,512,91583,178.873047
15973,512,87458,170.816406
15974,512,89750,175.292969
15975,512,88959,173.748047
15976,512,101791,198.810547
15977,512,87417,170.736328
15978,512,91917,179.525391
15979,512,89541,174.884766
15980,512,91125,177.978516
15981,512,90792,177.328125
15982,512,91416,178.546875
15983,512,89458,174.722656
15984,512,91875,179.443359
15985,512,93416,182.453125
15986,512,89917,175.619141
15987,512,91000,177.734375
15988,512,89708,175.210938
15989,512,92333,180.337891
15990,512,87750,171.386719
15991,512,89750,175.292969
15992,512,88917,173.666016
15993,512,88000,171.875000
15994,512,95041,185.626953
15995,512,89209,174.236328
15996,512,90500,176.757812
15997,512,89791,175.373047
15998,512,88000,171.875000
15999,512,88583,173.013672
16000,512,86791,169.513672
16001,512,88459,172.771484
16002,512,91416,178.546875
16003,512,89792,175.375000
16004,512,91375,178.466797
16005,512,87750,171.386719
16006,512,87042,170.003906
16007,512,88291,172.443359
16008,512,86625,169.189453
16009,512,86625,169.189453
16010,512,88292,172.445312
16011,512,86167,168.294922
16012,512,86125,168.212891
16013,512,87750,171.386719
16014,512,88083,172.037109
16015,512,85875,167.724609
16016,512,90500,176.757812
16017,512,89542,174.886719
16018,512,84291,164.630859
16019,512,87959,171.794922
16020,512,88416,172.687500
16021,512,86875,169.677734
16022,512,87125,170.166016
16023,512,86708,169.351562
16024,512,87833,171.548828
16025,512,88667,173.177734
16026,512,86000,167.968750
16027,512,87166,170.246094
16028,512,86167,168.294922
16029,512,86625,169.189453
16030,512,87458,170.816406
16031,512,86291,168.537109
16032,512,84375,164.794922
16033,512,87250,170.410156
16034,512,85083,166.177734
16035,512,86292,168.539062
16036,512,86584,169.109375
16037,512,86458,168.863281
16038,512,85625,167.236328
16039,512,89791,175.373047
16040,512,85334,166.667969
16041,512,88250,172.363281
16042,512,84209,164.470703
16043,512,89334,174.480469
16044,512,86375,168.701172
16045,512,86500,168.945312
16046,512,87416,170.734375
16047,512,85792,167.562500
16048,512,85250,166.503906
16049,512,83417,162.923828
16050,512,85083,166.177734
16051,512,86917,169.759766
16052,512,84709,165.447266
16053,512,88459,172.771484
16054,512,84750,165.527344
16055,512,88166,172.199219
16056,512,85542,167.074219
16057,512,90541,176.837891
16058,512,92292,180.257812
16059,512,92708,181.070312
16060,512,89125,174.072266
16061,512,89500,174.804688
16062,512,110875,216.552734
16063,512,97500,190.429688
16064,512,91000,177.734375
16065,512,103458,202.066406
16066,512,87334,170.574219
16067,512,85916,167.804688
16068,512,88125,172.119141
16069,512,90416,176.593750
16070,512,86625,169.189453
16071,512,87292,170.492188
16072,512,86917,169.759766
16073,512,88083,172.037109
16074,512,88208,172.281250
16075,512,86667,169.271484
16076,512,85625,167.236328
16077,512,86166,168.292969
16078,512,91959,179.607422
16079,512,85500,166.992188
16080,512,87416,170.734375
16081,512,86625,169.189453
16082,512,88208,172.281250
16083,512,87083,170.083984
16084,512,87125,170.166016
16085,512,86167,168.294922
16086,512,87041,170.001953
16087,512,92417,180.501953
16088,512,86625,169.189453
16089,512,86000,167.968750
16090,512,86667,169.271484
16091,512,88459,172.771484
16092,512,84500,165.039062
16093,512,89083,173.990234
16094,512,88125,172.119141
16095,512,84833,165.689453
16096,512,88625,173.095703
16097,512,85042,166.097656
16098,512,90083,175.943359
16099,512,86667,169.271484
16100,512,83541,163.166016
16101,512,87750,171.386719
16102,512,87084,170.085938
16103,512,85666,167.316406
16104,512,85250,166.503906
16105,512,86625,169.189453
16106,512,83791,163.654297
16107,512,86042,168.050781
16108,512,94750,185.058594
16109,512,85166,166.339844
16110,512,83125,162.353516
16111,512,86667,169.271484
16112,512,87000,169.921875
16113,512,85416,166.828125
16114,512,84167,164.388672
16115,512,85083,166.177734
16116,512,86042,168.050781
16117,512,84625,165.283203
16118,512,86167,168.294922
16119,512,87042,170.003906
16120,512,86375,168.701172
16121,512,87166,170.246094
16122,512,88542,172.933594
16123,512,89875,175.537109
16124,512,83833,163.736328
16125,512,85458,166.910156
16126,512,83917,163.900391
16127,512,85000,166.015625
16128,512,88833,173.501953
16129,512,87125,170.166016
16130,512,86292,168.539062
16131,512,87542,170.980469
16132,512,84583,165.201172
16133,512,83375,162.841797
16134,512,85750,167.480469
16135,512,85667,167.318359
16136,512,87292,170.492188
16137,512,87167,170.248047
16138,512,85875,167.724609
16139,512,82625,161.376953
16140,512,83458,163.003906
16141,512,83875,163.818359
16142,512,84083,164.224609
16143,512,86000,167.968750
16144,512,84167,164.388672
16145,512,83333,162.759766
16146,512,83584,163.250000
16147,512,86958,169.839844
16148,512,84250,164.550781
16149,512,87458,170.816406
16150,512,87667,171.224609
16151,512,84708,165.445312
16152,512,83417,162.923828
16153,512,82917,161.947266
16154,512,85083,166.177734
16155,512,84000,164.062500
16156,512,85917,167.806641
16157,512,84208,164.468750
16158,512,84541,165.119141
16159,512,86875,169.677734
16160,512,86334,168.621094
16161,512,89208,174.234375
16162,512,83875,163.818359
16163,512,87208,170.328125
16164,512,90250,176.269531
16165,512,85083,166.177734
16166,512,83834,163.738281
16167,512,86375,168.701172
16168,512,86042,168.050781
16169,512,89000,173.828125
16170,512,87125,170.166016
16171,512,87334,170.574219
16172,512,86833,169.595703
16173,512,84500,165.039062
16174,512,85625,167.236328
16175,512,86541,169.025391
16176,512,89584,174.968750
16177,512,87000,169.921875
16178,512,87083,170.083984
16179,512,86500,168.945312
16180,512,85208,166.421875
16181,512,86833,169.595703
16182,512,84042,164.144531
16183,512,84250,164.550781
16184,512,85334,166.667969
16185,512,87458,170.816406
16186,512,86583,169.107422
16187,512,86000,167.968750
16188,512,89250,174.316406
16189,512,85667,167.318359
16190,512,85875,167.724609
16191,512,84208,164.468750
16192,512,86000,167.968750
16193,512,85958,167.886719
16194,512,82000,160.156250
16195,512,87042,170.003906
16196,512,87208,170.328125
16197,512,85833,167.642578
16198,512,88917,173.666016
16199,512,91000,177.734375
16200,512,88000,171.875000
16201,512,86458,168.863281
16202,512,84458,164.957031
16203,512,87250,170.410156
16204,512,84667,165.365234
16205,512,86708,169.351562
16206,512,83834,163.738281
16207,512,84625,165.283203
16208,512,85208,166.421875
16209,512,84958,165.933594
16210,512,84709,165.447266
16211,512,85500,166.992188
16212,512,85584,167.156250
16213,512,85666,167.316406
16214,512,84083,164.224609
16215,512,85417,166.830078
16216,512,85917,167.806641
16217,512,84750,165.527344
16218,512,90250,176.269531
16219,512,84917,165.853516
16220,512,88708,173.257812
16221,512,85125,166.259766
16222,512,86000,167.968750
16223,512,86542,169.027344
16224,512,95791,187.091797
16225,512,84583,165.201172
16226,512,86000,167.968750
16227,512,85291,166.583984
16228,512,88834,173.503906
16229,512,85416,166.828125
16230,512,84792,165.609375
16231,512,82833,161.783203
16232,512,83625,163.330078
16233,512,86917,169.759766
16234,512,84250,164.550781
16235,512,85500,166.992188
16236,512,84458,164.957031
16237,512,84875,165.771484
16238,512,86250,168.457031
16239,512,84334,164.714844
16240,512,83709,163.494141
16241,512,85541,167.072266
16242,512,85458,166.910156
16243,512,85958,167.886719
16244,512,86250,168.457031
16245,512,85209,166.423828
16246,512,85042,166.097656
16247,512,84750,165.527344
16248,512,84333,164.712891
16249,512,84708,165.445312
16250,512,82292,160.726562
16251,512,82541,161.212891
16252,512,84500,165.039062
16253,512,83542,163.167969
16254,512,88417,172.689453
16255,512,85625,167.236328
16256,512,83666,163.410156
16257,512,85042,166.097656
16258,512,94375,184.326172
16259,512,95209,185.955078
16260,512,86875,169.677734
16261,512,84625,165.283203
16262,512,83958,163.980469
16263,512,86917,169.759766
16264,512,83708,163.492188
16265,512,85000,166.015625
16266,512,84542,165.121094
16267,512,84125,164.306641
16268,512,83375,162.841797
16269,512,84292,164.632812
16270,512,90958,177.652344
16271,512,86750,169.433594
16272,512,83709,163.494141
16273,512,85041,166.095703
16274,512,84417,164.876953
16275,512,84000,164.062500
16276,512,83125,162.353516
16277,512,85666,167.316406
16278,512,84750,165.527344
16279,512,84208,164.468750
16280,512,84209,164.470703
16281,512,85500,166.992188
16282,512,84875,165.771484
16283,512,87083,170.083984
16284,512,87709,171.306641
16285,512,85375,166.748047
16286,512,85209,166.423828
16287,512,87500,170.898438
16288,512,88167,172.201172
16289,512,86000,167.968750
16290,512,85583,167.154297
16291,512,88583,173.013672
16292,512,87667,171.224609
16293,512,85375,166.748047
16294,512,86083,168.130859
16295,512,86625,169.189453
16296,512,86042,168.050781
16297,512,86875,169.677734
16298,512,88000,171.875000
16299,512,87375,170.654297
16300,512,89208,174.234375
16301,512,84709,165.447266
16302,512,87083,170.083984
16303,512,87542,170.980469
16304,512,84000,164.062500
16305,512,86917,169.759766
16306,512,100916,197.101562
16307,512,88292,172.445312
16308,512,91333,178.384766
16309,512,88709,173.259766
16310,512,90125,176.025391
16311,512,90209,176.189453
16312,512,89083,173.990234
16313,512,93500,182.617188
16314,512,92250,180.175781
16315,512,90959,177.654297
16316,512,93333,182.291016
16317,512,88792,173.421875
16318,512,88166,172.199219
16319,512,89000,173.828125
16320,512,91750,179.199219
16321,512,90542,176.839844
16322,512,89084,173.992188
16323,512,88791,173.419922
16324,512,88042,171.957031
16325,512,88334,172.527344
16326,512,88875,173.583984
16327,512,88167,172.201172
16328,512,89375,174.560547
16329,512,92750,181.152344
16330,512,88875,173.583984
16331,512,90000,175.781250
16332,512,92459,180.583984
16333,512,90375,176.513672
16334,512,90291,176.349609
16335,512,94625,184.814453
16336,512,89708,175.210938
16337,512,90250,176.269531
16338,512,88750,173.339844
16339,512,94958,185.464844
16340,512,93250,182.128906
16341,512,89292,174.398438
16342,512,90417,176.595703
16343,512,89250,174.316406
16344,512,100334,195.964844
16345,512,89000,173.828125
16346,512,94708,184.976562
16347,512,91500,178.710938
16348,512,89667,175.130859
16349,512,99750,194.824219
16350,512,87750,171.386719
16351,512,93708,183.023438
16352,512,94958,185.464844
16353,512,89417,174.642578
16354,512,90250,176.269531
16355,512,90542,176.839844
16356,512,88250,172.363281
16357,512,86833,169.595703
16358,512,88542,172.933594
16359,512,88833,173.501953
16360,512,91625,178.955078
16361,512,88625,173.095703
16362,512,90000,175.781250
16363,512,88250,172.363281
16364,512,88042,171.957031
16365,512,87417,170.736328
16366,512,85542,167.074219
16367,512,86833,169.595703
16368,512,92500,180.664062
16369,512,86875,169.677734
16370,512,87750,171.386719
16371,512,88084,172.039062
16372,512,89917,175.619141
16373,512,89708,175.210938
16374,512,88792,173.421875
16375,512,88666,173.175781
16376,512,94625,184.814453
16377,512,86250,168.457031
16378,512,91250,178.222656
16379,512,86875,169.677734
16380,512,87291,170.490234
16381,512,87125,170.166016
16382,512,86125,168.212891
16383,512,86667,169.271484
16384,512,87458,170.816406
16385,512,83333,162.759766
16386,512,87708,171.304688
16387,512,88417,172.689453
16388,512,88041,171.955078
16389,512,86584,169.109375
16390,512,87667,171.224609
16391,512,87208,170.328125
16392,512,87792,171.468750
16393,512,86500,168.945312
16394,512,86291,168.537109
16395,512,88375,172.607422
16396,512,86250,168.457031
16397,512,87500,170.898438
16398,512,85041,166.095703
16399,512,86084,168.132812
16400,512,89292,174.398438
16401,512,85166,166.339844
16402,512,87917,171.712891
16403,512,84250,164.550781
16404,512,86583,169.107422
16405,512,87042,170.003906
16406,512,86500,168.945312
16407,512,85292,166.585938
16408,512,89666,175.128906
16409,512,86333,168.619141
16410,512,86125,168.212891
16411,512,86584,169.109375
16412,512,82916,161.945312
16413,512,87083,170.083984
16414,512,86458,168.863281
16415,512,85000,166.015625
16416,512,87625,171.142578
16417,512,85708,167.398438
16418,512,87875,171.630859
16419,512,86125,168.212891
16420,512,87375,170.654297
16421,512,90167,176.107422
16422,512,89334,174.480469
16423,512,85791,167.560547
16424,512,85083,166.177734
16425,512,86667,169.271484
16426,512,88041,171.955078
16427,512,86375,168.701172
16428,512,87084,170.085938
16429,512,85000,166.015625
16430,512,88000,171.875000
16431,512,86667,169.271484
16432,512,85500,166.992188
16433,512,88083,172.037109
16434,512,83417,162.923828
16435,512,88958,173.746094
16436,512,102833,200.845703
16437,512,86750,169.433594
16438,512,86500,168.945312
16439,512,85417,166.830078
16440,512,84166,164.386719
16441,512,82042,160.238281
16442,512,85458,166.910156
16443,512,85417,166.830078
16444,512,86833,169.595703
16445,512,85083,166.177734
16446,512,86042,168.050781
16447,512,85333,166.666016
16448,512,84833,165.689453
16449,512,86958,169.839844
16450,512,86958,169.839844
16451,512,87584,171.062500
16452,512,85875,167.724609
16453,512,90416,176.593750
16454,512,84875,165.771484
16455,512,84959,165.935547
16456,512,86959,169.841797
16457,512,84125,164.306641
16458,512,85500,166.992188
16459,512,86042,168.050781
16460,512,86166,168.292969
16461,512,86542,169.027344
16462,512,84667,165.365234
16463,512,86458,168.863281
16464,512,85917,167.806641
16465,512,86166,168.292969
16466,512,86959,169.841797
16467,512,86166,168.292969
16468,512,84500,165.039062
16469,512,87542,170.980469
16470,512,85084,166.179688
16471,512,84625,165.283203
16472,512,85334,166.667969
16473,512,84708,165.445312
16474,512,87542,170.980469
16475,512,87500,170.898438
16476,512,85209,166.423828
16477,512,84667,165.365234
16478,512,86500,168.945312
16479,512,83083,162.271484
16480,512,84667,165.365234
16481,512,85667,167.318359
16482,512,86250,168.457031
16483,512,85041,166.095703
16484,512,88000,171.875000
16485,512,86833,169.595703
16486,512,85750,167.480469
16487,512,83625,163.330078
16488,512,87208,170.328125
16489,512,84917,165.853516
16490,512,86708,169.351562
16491,512,102792,200.765625
16492,512,84791,165.607422
16493,512,85875,167.724609
16494,512,88083,172.037109
16495,512,84750,165.527344
16496,512,86000,167.968750
16497,512,82625,161.376953
16498,512,85708,167.398438
16499,512,85583,167.154297
16500,512,88125,172.119141
16501,512,84208,164.468750
16502,512,83542,163.167969
16503,512,85625,167.236328
16504,512,93333,182.291016
16505,512,87292,170.492188
16506,512,85833,167.642578
16507,512,86917,169.759766
16508,512,83375,162.841797
16509,512,88375,172.607422
16510,512,87000,169.921875
16511,512,83458,163.003906
16512,512,86417,168.783203
16513,512,85417,166.830078
16514,512,88916,173.664062
16515,512,86000,167.968750
16516,512,84958,165.933594
16517,512,87042,170.003906
16518,512,85125,166.259766
16519,512,86000,167.968750
16520,512,85458,166.910156
16521,512,86916,169.757812
16522,512,85417,166.830078
16523,512,84791,165.607422
16524,512,87875,171.630859
16525,512,85250,166.503906
16526,512,86666,169.269531
16527,512,87417,170.736328
16528,512,84167,164.388672
16529,512,83875,163.818359
16530,512,85291,166.583984
16531,512,85458,166.910156
16532,512,83959,163.982422
16533,512,85416,166.828125
16534,512,82833,161.783203
16535,512,86000,167.968750
16536,512,83083,162.271484
16537,512,84875,165.771484
16538,512,86000,167.968750
16539,512,84875,165.771484
16540,512,87166,170.246094
16541,512,85209,166.423828
16542,512,84291,164.630859
16543,512,84542,165.121094
16544,512,86041,168.048828
16545,512,86375,168.701172
16546,512,85791,167.560547
16547,512,84667,165.365234
16548,512,86500,168.945312
16549,512,85458,166.910156
16550,512,84458,164.957031
16551,512,84792,165.609375
16552,512,88625,173.095703
16553,512,85667,167.318359
16554,512,83833,163.736328
16555,512,84334,164.714844
16556,512,85291,166.583984
16557,512,84375,164.794922
16558,512,83625,163.330078
16559,512,82875,161.865234
16560,512,83291,162.677734
16561,512,83959,163.982422
16562,512,85666,167.316406
16563,512,87625,171.142578
16564,512,85584,167.156250
16565,512,86750,169.433594
16566,512,86291,168.537109
16567,512,87334,170.574219
16568,512,87209,170.330078
16569,512,88667,173.177734
16570,512,87333,170.572266
16571,512,85959,167.888672
16572,512,86750,169.433594
16573,512,136750,267.089844
16574,512,107834,210.613281
16575,512,104500,204.101562
16576,512,101791,198.810547
16577,512,96750,188.964844
16578,512,97000,189.453125
16579,512,98833,193.033203
16580,512,96583,188.638672
16581,512,98084,191.570312
16582,512,95750,187.011719
16583,512,97791,190.998047
16584,512,90917,177.572266
16585,512,94041,183.673828
16586,512,97209,189.861328
16587,512,96208,187.906250
16588,512,96333,188.150391
16589,512,95208,185.953125
16590,512,97042,189.535156
16591,512,93708,183.023438
16592,512,97667,190.755859
16593,512,95458,186.441406
16594,512,92917,181.478516
16595,512,93250,182.128906
16596,512,92500,180.664062
16597,512,96125,187.744141
16598,512,96583,188.638672
16599,512,92458,180.582031
16600,512,91125,177.978516
16601,512,95708,186.929688
16602,512,95333,186.197266
16603,512,94792,185.140625
16604,512,93833,183.267578
16605,512,93750,183.105469
16606,512,95709,186.931641
16607,512,90792,177.328125
16608,512,91792,179.281250
16609,512,92875,181.396484
16610,512,90208,176.187500
16611,512,92958,181.558594
16612,512,92417,180.501953
16613,512,92750,181.152344
16614,512,92666,180.988281
16615,512,89917,175.619141
16616,512,90583,176.919922
16617,512,92792,181.234375
16618,512,90208,176.187500
16619,512,93292,182.210938
16620,512,91625,178.955078
16621,512,91583,178.873047
16622,512,90958,177.652344
16623,512,96750,188.964844
16624,512,103750,202.636719
16625,512,91958,179.605469
16626,512,89000,173.828125
16627,512,92250,180.175781
16628,512,91834,179.363281
16629,512,89292,174.398438
16630,512,89625,175.048828
16631,512,90417,176.595703
16632,512,88666,173.175781
16633,512,89250,174.316406
16634,512,91167,178.060547
16635,512,89791,175.373047
16636,512,89208,174.234375
16637,512,90000,175.781250
16638,512,88375,172.607422
16639,512,86917,169.759766
16640,512,91709,179.119141
16641,512,85417,166.830078
16642,512,87083,170.083984
16643,512,87417,170.736328
16644,512,89958,175.699219
16645,512,88833,173.501953
16646,512,89500,174.804688
16647,512,90542,176.839844
16648,512,91209,178.142578
16649,512,91125,177.978516
16650,512,89833,175.455078
16651,512,88542,172.933594
16652,512,89792,175.375000
16653,512,89750,175.292969
16654,512,89125,174.072266
16655,512,90500,176.757812
16656,512,90083,175.943359
16657,512,88833,173.501953
16658,512,93459,182.537109
16659,512,89959,175.701172
16660,512,88459,172.771484
16661,512,86875,169.677734
16662,512,91000,177.734375
16663,512,86958,169.839844
16664,512,90000,175.781250
16665,512,88291,172.443359
16666,512,90083,175.943359
16667,512,88292,172.445312
16668,512,90333,176.431641
16669,512,88042,171.957031
16670,512,91000,177.734375
16671,512,89250,174.316406
16672,512,87000,169.921875
16673,512,89959,175.701172
16674,512,89750,175.292969
16675,512,88208,172.281250
16676,512,88375,172.607422
16677,512,89083,173.990234
16678,512,89125,174.072266
16679,512,88750,173.339844
16680,512,88208,172.281250
16681,512,87000,169.921875
16682,512,98333,192.056641
16683,512,92833,181.314453
16684,512,87500,170.898438
16685,512,88834,173.503906
16686,512,87500,170.898438
16687,512,93416,182.453125
16688,512,93250,182.128906
16689,512,91666,179.035156
16690,512,90709,177.166016
16691,512,92166,180.011719
16692,512,106042,207.113281
16693,512,91000,177.734375
16694,512,90458,176.675781
16695,512,90291,176.349609
16696,512,93458,182.535156
16697,512,90667,177.083984
16698,512,91667,179.037109
16699,512,93084,181.804688
16700,512,90458,176.675781
16701,512,90500,176.757812
16702,512,90917,177.572266
16703,512,92458,180.582031
16704,512,95000,185.546875
16705,512,91583,178.873047
16706,512,91000,177.734375
16707,512,91542,178.792969
16708,512,88208,172.281250
16709,512,147584,288.250000
16710,512,124084,242.351562
16711,512,97833,191.080078
16712,512,99375,194.091797
16713,512,100041,195.392578
16714,512,100292,195.882812
16715,512,97500,190.429688
16716,512,100834,196.941406
16717,512,98583,192.544922
16718,512,99375,194.091797
16719,512,100292,195.882812
16720,512,98583,192.544922
16721,512,98417,192.220703
16722,512,101916,199.054688
16723,512,97375,190.185547
16724,512,96667,188.802734
16725,512,101042,197.347656
16726,512,100834,196.941406
16727,512,112208,219.156250
16728,512,139208,271.890625
16729,512,126459,246.990234
16730,512,100708,196.695312
16731,512,101041,197.345703
16732,512,101333,197.916016
16733,512,101125,197.509766
16734,512,114875,224.365234
16735,512,96250,187.988281
16736,512,100792,196.859375
16737,512,97750,190.917969
16738,512,99500,194.335938
16739,512,99333,194.009766
16740,512,101250,197.753906
16741,512,97667,190.755859
16742,512,99334,194.011719
16743,512,98541,192.462891
16744,512,98708,192.789062
16745,512,111084,216.960938
16746,512,100916,197.101562
16747,512,97167,189.779297
16748,512,98125,191.650391
16749,512,98917,193.197266
16750,512,95958,187.417969
16751,512,98667,192.708984
16752,512,93917,183.431641
16753,512,95958,187.417969
16754,512,98000,191.406250
16755,512,98000,191.406250
16756,512,93625,182.861328
16757,512,95125,185.791016
16758,512,95250,186.035156
16759,512,93250,182.128906
16760,512,95291,186.115234
16761,512,95458,186.441406
16762,512,94209,184.001953
16763,512,99208,193.765625
16764,512,93291,182.208984
16765,512,93083,181.802734
16766,512,91542,178.792969
16767,512,95791,187.091797
16768,512,91709,179.119141
16769,512,89541,174.884766
16770,512,94750,185.058594
16771,512,94042,183.675781
16772,512,92541,180.744141
16773,512,91875,179.443359
16774,512,94959,185.466797
16775,512,94166,183.917969
16776,512,97959,191.326172
16777,512,93166,181.964844
16778,512,92750,181.152344
16779,512,92750,181.152344
16780,512,99375,194.091797
16781,512,88916,173.664062
16782,512,92792,181.234375
16783,512,89833,175.455078
16784,512,91708,179.117188
16785,512,92333,180.337891
16786,512,92417,180.501953
16787,512,91167,178.060547
16788,512,96125,187.744141
16789,512,93500,182.617188
16790,512,90209,176.189453
16791,512,92041,179.767578
16792,512,89084,173.992188
16793,512,90000,175.781250
16794,512,89209,174.236328
16795,512,92125,179.931641
16796,512,94042,183.675781
16797,512,103708,202.554688
16798,512,91125,177.978516
16799,512,88334,172.527344
16800,512,90625,177.001953
16801,512,89458,174.722656
16802,512,89000,173.828125
16803,512,93084,181.804688
16804,512,90291,176.349609
16805,512,92209,180.095703
16806,512,92708,181.070312
16807,512,88875,173.583984
16808,512,88083,172.037109
16809,512,89792,175.375000
16810,512,94625,184.814453
16811,512,89583,174.966797
16812,512,90167,176.107422
16813,512,89209,174.236328
16814,512,89291,174.396484
16815,512,89542,174.886719
16816,512,87500,170.898438
16817,512,89416,174.640625
16818,512,87750,171.386719
16819,512,89167,174.154297
16820,512,93625,182.861328
16821,512,89041,173.908203
16822,512,91542,178.792969
16823,512,89291,174.396484
16824,512,88000,171.875000
16825,512,91167,178.060547
16826,512,91333,178.384766
16827,512,88792,173.421875
16828,512,89458,174.722656
16829,512,89125,174.072266
16830,512,88250,172.363281
16831,512,89000,173.828125
16832,512,89375,174.560547
16833,512,90916,177.570312
16834,512,88584,173.015625
16835,512,90625,177.001953
16836,512,89125,174.072266
16837,512,89375,174.560547
16838,512,88750,173.339844
16839,512,88375,172.607422
16840,512,87125,170.166016
16841,512,87917,171.712891
16842,512,87333,170.572266
16843,512,85958,167.886719
16844,512,88167,172.201172
16845,512,87083,170.083984
16846,512,88417,172.689453
16847,512,86250,168.457031
16848,512,86792,169.515625
16849,512,89083,173.990234
16850,512,86375,168.701172
16851,512,88834,173.503906
16852,512,87958,171.792969
16853,512,88500,172.851562
16854,512,89208,174.234375
16855,512,85459,166.912109
16856,512,89541,174.884766
16857,512,86750,169.433594
16858,512,87167,170.248047
16859,512,87208,170.328125
16860,512,86958,169.839844
16861,512,89042,173.910156
16862,512,86666,169.269531
16863,512,87084,170.085938
16864,512,85708,167.398438
16865,512,86958,169.839844
16866,512,87750,171.386719
16867,512,88917,173.666016
16868,512,87875,171.630859
16869,512,90000,175.781250
16870,512,86084,168.132812
16871,512,88834,173.503906
16872,512,86375,168.701172
16873,512,86750,169.433594
16874,512,88208,172.281250
16875,512,88334,172.527344
16876,512,86333,168.619141
16877,512,99333,194.009766
16878,512,93167,181.966797
16879,512,87500,170.898438
16880,512,85583,167.154297
16881,512,87750,171.386719
16882,512,86500,168.945312
16883,512,84333,164.712891
16884,512,86042,168.050781
16885,512,84208,164.468750
16886,512,85542,167.074219
16887,512,89208,174.234375
16888,512,84083,164.224609
16889,512,86084,168.132812
16890,512,87750,171.386719
16891,512,88125,172.119141
16892,512,90625,177.001953
16893,512,87083,170.083984
16894,512,86959,169.841797
16895,512,88000,171.875000
16896,512,84833,165.689453
16897,512,84541,165.119141
16898,512,86334,168.621094
16899,512,86666,169.269531
16900,512,84875,165.771484
16901,512,87167,170.248047
16902,512,90208,176.187500
16903,512,85000,166.015625
16904,512,86750,169.433594
16905,512,86666,169.269531
16906,512,84375,164.794922
16907,512,84042,164.144531
16908,512,85208,166.421875
16909,512,84458,164.957031
16910,512,87792,171.468750
16911,512,84667,165.365234
16912,512,89917,175.619141
16913,512,83792,163.656250
16914,512,84917,165.853516
16915,512,85291,166.583984
16916,512,87750,171.386719
16917,512,85000,166.015625
16918,512,87958,171.792969
16919,512,83209,162.517578
16920,512,83625,163.330078
16921,512,84917,165.853516
16922,512,85042,166.097656
16923,512,84916,165.851562
16924,512,83958,163.980469
16925,512,83792,163.656250
16926,512,86084,168.132812
16927,512,87958,171.792969
16928,512,87458,170.816406
16929,512,84458,164.957031
16930,512,89167,174.154297
16931,512,86500,168.945312
16932,512,86041,168.048828
16933,512,84042,164.144531
16934,512,88375,172.607422
16935,512,84750,165.527344
16936,512,84500,165.039062
16937,512,84583,165.201172
16938,512,85375,166.748047
16939,512,85167,166.341797
16940,512,82792,161.703125
16941,512,85000,166.015625
16942,512,86084,168.132812
16943,512,85750,167.480469
16944,512,84917,165.853516
16945,512,86542,169.027344
16946,512,83750,163.574219
16947,512,83291,162.677734
16948,512,84750,165.527344
16949,512,87042,170.003906
16950,512,85708,167.398438
16951,512,84667,165.365234
16952,512,84375,164.794922
16953,512,83709,163.494141
16954,512,86209,168.376953
16955,512,87041,170.001953
16956,512,85000,166.015625
16957,512,87334,170.574219
16958,512,85000,166.015625
16959,512,82792,161.703125
16960,512,81750,159.667969
16961,512,83625,163.330078
16962,512,83833,163.736328
16963,512,85250,166.503906
16964,512,90042,175.863281
16965,512,85167,166.341797
16966,512,82667,161.458984
16967,512,84875,165.771484
16968,512,83916,163.898438
16969,512,88042,171.957031
16970,512,82750,161.621094
16971,512,84958,165.933594
16972,512,85875,167.724609
16973,512,84834,165.691406
16974,512,86625,169.189453
16975,512,84209,164.470703
16976,512,82584,161.296875
16977,512,83166,162.433594
16978,512,87042,170.003906
16979,512,83916,163.898438
16980,512,85125,166.259766
16981,512,85167,166.341797
16982,512,85041,166.095703
16983,512,84292,164.632812
16984,512,84417,164.876953
16985,512,85333,166.666016
16986,512,83750,163.574219
16987,512,84417,164.876953
16988,512,81833,159.830078
16989,512,84209,164.470703
16990,512,85000,166.015625
16991,512,85875,167.724609
16992,512,84542,165.121094
16993,512,84917,165.853516
16994,512,82750,161.621094
16995,512,86500,168.945312
16996,512,85375,166.748047
16997,512,85750,167.480469
16998,512,83000,162.109375
16999,512,83667,163.412109
17000,512,83291,162.677734
17001,512,84334,164.714844
17002,512,86292,168.539062
17003,512,84208,164.468750
17004,512,85875,167.724609
17005,512,84167,164.388672
17006,512,82750,161.621094
17007,512,82584,161.296875
17008,512,82959,162.029297
17009,512,86417,168.783203
17010,512,89458,174.722656
17011,512,84500,165.039062
17012,512,83208,162.515625
17013,512,85375,166.748047
17014,512,85375,166.748047
17015,512,83709,163.494141
17016,512,85291,166.583984
17017,512,83542,163.167969
17018,512,84250,164.550781
17019,512,85125,166.259766
17020,512,84125,164.306641
17021,512,83125,162.353516
17022,512,85000,166.015625
17023,512,82625,161.376953
17024,512,85416,166.828125
17025,512,86500,168.945312
17026,512,83083,162.271484
17027,512,86333,168.619141
17028,512,85542,167.074219
17029,512,84875,165.771484
17030,512,82000,160.156250
17031,512,83833,163.736328
17032,512,84750,165.527344
17033,512,87042,170.003906
17034,512,85083,166.177734
17035,512,84208,164.468750
17036,512,83375,162.841797
17037,512,89458,174.722656
17038,512,95209,185.955078
17039,512,87791,171.466797
17040,512,85500,166.992188
17041,512,85917,167.806641
17042,512,84417,164.876953
17043,512,87833,171.548828
17044,512,85917,167.806641
17045,512,87417,170.736328
17046,512,86500,168.945312
17047,512,87750,171.386719
17048,512,85500,166.992188
17049,512,86542,169.027344
17050,512,88875,173.583984
17051,512,86375,168.701172
17052,512,86084,168.132812
17053,512,101958,199.136719
17054,512,90417,176.595703
17055,512,88000,171.875000
17056,512,85292,166.585938
17057,512,86125,168.212891
17058,512,89125,174.072266
17059,512,90833,177.408203
17060,512,88458,172.769531
17061,512,88500,172.851562
17062,512,94375,184.326172
17063,512,95292,186.117188
17064,512,91000,177.734375
17065,512,89084,173.992188
17066,512,89583,174.966797
17067,512,91083,177.896484
17068,512,89584,174.968750
17069,512,87958,171.792969
17070,512,89583,174.966797
17071,512,89334,174.480469
17072,512,90166,176.105469
17073,512,91459,178.630859
17074,512,89459,174.724609
17075,512,92542,180.746094
17076,512,89083,173.990234
17077,512,89333,174.478516
17078,512,88667,173.177734
17079,512,90500,176.757812
17080,512,90500,176.757812
17081,512,88875,173.583984
17082,512,91042,177.816406
17083,512,89750,175.292969
17084,512,89333,174.478516
17085,512,88542,172.933594
17086,512,87041,170.001953
17087,512,91792,179.281250
17088,512,89834,175.457031
17089,512,91875,179.443359
17090,512,101209,197.673828
17091,512,92750,181.152344
17092,512,95750,187.011719
17093,512,89875,175.537109
17094,512,92666,180.988281
17095,512,97500,190.429688
17096,512,96417,188.314453
17097,512,89667,175.130859
17098,512,91542,178.792969
17099,512,91667,179.037109
17100,512,88958,173.746094
17101,512,88458,172.769531
17102,512,88667,173.177734
17103,512,88416,172.687500
17104,512,88292,172.445312
17105,512,90042,175.863281
17106,512,89709,175.212891
17107,512,88208,172.281250
17108,512,88292,172.445312
17109,512,89333,174.478516
17110,512,91875,179.443359
17111,512,89833,175.455078
17112,512,89625,175.048828
17113,512,89209,174.236328
17114,512,87958,171.792969
17115,512,91292,178.304688
17116,512,85166,166.339844
17117,512,90750,177.246094
17118,512,88708,173.257812
17119,512,89917,175.619141
17120,512,88083,172.037109
17121,512,91042,177.816406
17122,512,91542,178.792969
17123,512,88125,172.119141
17124,512,88792,173.421875
17125,512,93000,181.640625
17126,512,84833,165.689453
17127,512,90375,176.513672
17128,512,87083,170.083984
17129,512,88917,173.666016
17130,512,87083,170.083984
17131,512,87708,171.304688
17132,512,86833,169.595703
17133,512,89375,174.560547
17134,512,85000,166.015625
17135,512,87125,170.166016
17136,512,87041,170.001953
17137,512,89125,174.072266
17138,512,86958,169.839844
17139,512,87709,171.306641
17140,512,87208,170.328125
17141,512,87792,171.468750
17142,512,86000,167.968750
17143,512,88709,173.259766
17144,512,88041,171.955078
17145,512,89875,175.537109
17146,512,87375,170.654297
17147,512,90458,176.675781
17148,512,85334,166.667969
17149,512,83250,162.597656
17150,512,86208,168.375000
17151,512,83167,162.435547
17152,512,86416,168.781250
17153,512,87459,170.818359
17154,512,89875,175.537109
17155,512,86917,169.759766
17156,512,86292,168.539062
17157,512,85791,167.560547
17158,512,85125,166.259766
17159,512,87166,170.246094
17160,512,86958,169.839844
17161,512,85542,167.074219
17162,512,86333,168.619141
17163,512,83500,163.085938
17164,512,85458,166.910156
17165,512,85500,166.992188
17166,512,86167,168.294922
17167,512,86042,168.050781
17168,512,86709,169.353516
17169,512,87333,170.572266
17170,512,88917,173.666016
17171,512,86458,168.863281
17172,512,83875,163.818359
17173,512,84833,165.689453
17174,512,88042,171.957031
17175,512,93416,182.453125
17176,512,92875,181.396484
17177,512,89458,174.722656
17178,512,91375,178.466797
17179,512,93208,182.046875
17180,512,91041,177.814453
17181,512,94125,183.837891
17182,512,97791,190.998047
17183,512,86208,168.375000
17184,512,86084,168.132812
17185,512,86666,169.269531
17186,512,84792,165.609375
17187,512,87833,171.548828
17188,512,86833,169.595703
17189,512,87417,170.736328
17190,512,85000,166.015625
17191,512,87791,171.466797
17192,512,85042,166.097656
17193,512,89375,174.560547
17194,512,85000,166.015625
17195,512,86167,168.294922
17196,512,85250,166.503906
17197,512,84750,165.527344
17198,512,84792,165.609375
17199,512,85250,166.503906
17200,512,87209,170.330078
17201,512,86917,169.759766
17202,512,89000,173.828125
17203,512,84584,165.203125
17204,512,85125,166.259766
17205,512,84334,164.714844
17206,512,85750,167.480469
17207,512,85375,166.748047
17208,512,88792,173.421875
17209,512,91750,179.199219
17210,512,83791,163.654297
17211,512,85625,167.236328
17212,512,86709,169.353516
17213,512,87666,171.222656
17214,512,84125,164.306641
17215,512,87208,170.328125
17216,512,82834,161.785156
17217,512,83583,163.248047
17218,512,86291,168.537109
17219,512,100417,196.126953
17220,512,86167,168.294922
17221,512,85208,166.421875
17222,512,83250,162.597656
17223,512,86709,169.353516
17224,512,83416,162.921875
17225,512,87417,170.736328
17226,512,89500,174.804688
17227,512,85292,166.585938
17228,512,87833,171.548828
17229,512,96750,188.964844
17230,512,92541,180.744141
17231,512,85500,166.992188
17232,512,86083,168.130859
17233,512,85167,166.341797
17234,512,85458,166.910156
17235,512,85125,166.259766
17236,512,82375,160.888672
17237,512,88625,173.095703
17238,512,87291,170.490234
17239,512,86542,169.027344
17240,512,84125,164.306641
17241,512,86125,168.212891
17242,512,86458,168.863281
17243,512,83209,162.517578
17244,512,83042,162.191406
17245,512,84333,164.712891
17246,512,84042,164.144531
17247,512,82666,161.457031
17248,512,84250,164.550781
17249,512,83833,163.736328
17250,512,86958,169.839844
17251,512,86458,168.863281
17252,512,89709,175.212891
17253,512,84458,164.957031
17254,512,86583,169.107422
17255,512,86667,169.271484
17256,512,84458,164.957031
17257,512,86375,168.701172
17258,512,84750,165.527344
17259,512,86292,168.539062
17260,512,86833,169.595703
17261,512,85292,166.585938
17262,512,84458,164.957031
17263,512,85875,167.724609
17264,512,84708,165.445312
17265,512,83208,162.515625
17266,512,83500,163.085938
17267,512,83958,163.980469
17268,512,83917,163.900391
17269,512,85166,166.339844
17270,512,84708,165.445312
17271,512,82792,161.703125
17272,512,85209,166.423828
17273,512,87500,170.898438
17274,512,84584,165.203125
17275,512,85708,167.398438
17276,512,85417,166.830078
17277,512,84709,165.447266
17278,512,83584,163.250000
17279,512,84125,164.306641
17280,512,86583,169.107422
17281,512,84000,164.062500
17282,512,91625,178.955078
17283,512,82750,161.621094
17284,512,86083,168.130859
17285,512,82416,160.968750
17286,512,83292,162.679688
17287,512,86417,168.783203
17288,512,85875,167.724609
17289,512,84459,164.958984
17290,512,84375,164.794922
17291,512,85208,166.421875
17292,512,85417,166.830078
17293,512,85417,166.830078
17294,512,85791,167.560547
17295,512,84084,164.226562
17296,512,89291,174.396484
17297,512,84584,165.203125
17298,512,85541,167.072266
17299,512,86500,168.945312
17300,512,85625,167.236328
17301,512,83750,163.574219
17302,512,87500,170.898438
17303,512,83833,163.736328
17304,512,84417,164.876953
17305,512,86333,168.619141
17306,512,89750,175.292969
17307,512,89084,173.992188
17308,512,90083,175.943359
17309,512,87583,171.060547
17310,512,87500,170.898438
17311,512,86917,169.759766
17312,512,84416,164.875000
17313,512,84750,165.527344
17314,512,86250,168.457031
17315,512,84042,164.144531
17316,512,83792,163.656250
17317,512,86333,168.619141
17318,512,90375,176.513672
17319,512,84458,164.957031
17320,512,88709,173.259766
17321,512,88291,172.443359
17322,512,84583,165.201172
17323,512,84125,164.306641
17324,512,85333,166.666016
17325,512,86750,169.433594
17326,512,82917,161.947266
17327,512,84125,164.306641
17328,512,87125,170.166016
17329,512,85208,166.421875
17330,512,83792,163.656250
17331,512,85666,167.316406
17332,512,85208,166.421875
17333,512,86292,168.539062
17334,512,84000,164.062500
17335,512,82625,161.376953
17336,512,85833,167.642578
17337,512,85916,167.804688
17338,512,85292,166.585938
17339,512,84167,164.388672
17340,512,85833,167.642578
17341,512,86417,168.783203
17342,512,84333,164.712891
17343,512,84958,165.933594
17344,512,85208,166.421875
17345,512,83958,163.980469
17346,512,83917,163.900391
17347,512,86541,169.025391
17348,512,88084,172.039062
17349,512,84209,164.470703
17350,512,85792,167.562500
17351,512,84958,165.933594
17352,512,83583,163.248047
17353,512,85583,167.154297
17354,512,92834,181.316406
17355,512,83250,162.597656
17356,512,83125,162.353516
17357,512,83375,162.841797
17358,512,85167,166.341797
17359,512,83333,162.759766
17360,512,85459,166.912109
17361,512,85625,167.236328
17362,512,85041,166.095703
17363,512,86959,169.841797
17364,512,84208,164.468750
17365,512,85416,166.828125
17366,512,84417,164.876953
17367,512,85000,166.015625
17368,512,88083,172.037109
17369,512,83333,162.759766
17370,512,84084,164.226562
17371,512,84209,164.470703
17372,512,84334,164.714844
17373,512,82833,161.783203
17374,512,83750,163.574219
17375,512,86666,169.269531
17376,512,94917,185.384766
17377,512,92166,180.011719
17378,512,85250,166.503906
17379,512,86000,167.968750
17380,512,83000,162.109375
17381,512,83125,162.353516
17382,512,84917,165.853516
17383,512,86000,167.968750
17384,512,84667,165.365234
17385,512,87833,171.548828
17386,512,85167,166.341797
17387,512,82750,161.621094
17388,512,81500,159.179688
17389,512,84416,164.875000
17390,512,83250,162.597656
17391,512,83292,162.679688
17392,512,84500,165.039062
17393,512,81875,159.912109
17394,512,83375,162.841797
17395,512,83542,163.167969
17396,512,86000,167.968750
17397,512,84083,164.224609
17398,512,83000,162.109375
17399,512,83792,163.656250
17400,512,83625,163.330078
17401,512,84333,164.712891
17402,512,83583,163.248047
17403,512,83417,162.923828
17404,512,85708,167.398438
17405,512,83625,163.330078
17406,512,87250,170.410156
17407,512,86333,168.619141
17408,512,83167,162.435547
17409,512,87042,170.003906
17410,512,85875,167.724609
17411,512,86708,169.351562
17412,512,83000,162.109375
17413,512,85958,167.886719
17414,512,86500,168.945312
17415,512,87292,170.492188
17416,512,86541,169.025391
17417,512,86417,168.783203
17418,512,86458,168.863281
17419,512,87167,170.248047
17420,512,85750,167.480469
17421,512,86917,169.759766
17422,512,85125,166.259766
17423,512,84000,164.062500
17424,512,86042,168.050781
17425,512,87666,171.222656
17426,512,87334,170.574219
17427,512,88375,172.607422
17428,512,90291,176.349609
17429,512,86167,168.294922
17430,512,88167,172.201172
17431,512,86584,169.109375
17432,512,88250,172.363281
17433,512,86167,168.294922
17434,512,84083,164.224609
17435,512,85542,167.074219
17436,512,87584,171.062500
17437,512,86000,167.968750
17438,512,90208,176.187500
17439,512,90333,176.431641
17440,512,88625,173.095703
17441,512,87542,170.980469
17442,512,90750,177.246094
17443,512,92208,180.093750
17444,512,93792,183.187500
17445,512,90000,175.781250
17446,512,92333,180.337891
17447,512,99833,194.986328
17448,512,89875,175.537109
17449,512,91500,178.710938
17450,512,90792,177.328125
17451,512,91708,179.117188
17452,512,90917,177.572266
17453,512,88000,171.875000
17454,512,91750,179.199219
17455,512,89125,174.072266
17456,512,91750,179.199219
17457,512,90042,175.863281
17458,512,91125,177.978516
17459,512,92375,180.419922
17460,512,92167,180.013672
17461,512,92833,181.314453
17462,512,93417,182.455078
17463,512,95250,186.035156
17464,512,92791,181.232422
17465,512,91334,178.386719
17466,512,90459,176.677734
17467,512,90875,177.490234
17468,512,94250,184.082031
17469,512,95334,186.199219
17470,512,93083,181.802734
17471,512,93708,183.023438
17472,512,89750,175.292969
17473,512,89416,174.640625
17474,512,91375,178.466797
17475,512,105875,206.787109
17476,512,99917,195.150391
17477,512,89833,175.455078
17478,512,93459,182.537109
17479,512,91250,178.222656
17480,512,102334,199.871094
17481,512,97208,189.859375
17482,512,94917,185.384766
17483,512,90542,176.839844
17484,512,90042,175.863281
17485,512,90208,176.187500
17486,512,91167,178.060547
17487,512,88583,173.013672
17488,512,90000,175.781250
17489,512,91708,179.117188
17490,512,89083,173.990234
17491,512,87250,170.410156
17492,512,87625,171.142578
17493,512,90500,176.757812
17494,512,89500,174.804688
17495,512,93667,182.943359
17496,512,89291,174.396484
17497,512,90125,176.025391
17498,512,89959,175.701172
17499,512,89041,173.908203
17500,512,89708,175.210938
17501,512,88125,172.119141
17502,512,87208,170.328125
17503,512,88833,173.501953
17504,512,89542,174.886719
17505,512,89542,174.886719
17506,512,91916,179.523438
17507,512,86667,169.271484
17508,512,88500,172.851562
17509,512,87084,170.085938
17510,512,88125,172.119141
17511,512,87875,171.630859
17512,512,89125,174.072266
17513,512,87125,170.166016
17514,512,86792,169.515625
17515,512,91542,178.792969
17516,512,92583,180.826172
17517,512,90500,176.757812
17518,512,89792,175.375000
17519,512,90833,177.408203
17520,512,90208,176.187500
17521,512,86167,168.294922
17522,512,87875,171.630859
17523,512,89625,175.048828
17524,512,86334,168.621094
17525,512,88416,172.687500
17526,512,85459,166.912109
17527,512,87500,170.898438
17528,512,86209,168.376953
17529,512,84458,164.957031
17530,512,86958,169.839844
17531,512,86208,168.375000
17532,512,87959,171.794922
17533,512,87250,170.410156
17534,512,88583,173.013672
17535,512,89208,174.234375
17536,512,87792,171.468750
17537,512,89917,175.619141
17538,512,87583,171.060547
17539,512,87625,171.142578
17540,512,86875,169.677734
17541,512,97042,189.535156
17542,512,86250,168.457031
17543,512,85792,167.562500
17544,512,84334,164.714844
17545,512,88000,171.875000
17546,512,88375,172.607422
17547,512,86959,169.841797
17548,512,90333,176.431641
17549,512,88917,173.666016
17550,512,83500,163.085938
17551,512,87541,170.978516
17552,512,88584,173.015625
17553,512,102667,200.521484
17554,512,88125,172.119141
17555,512,85125,166.259766
17556,512,87083,170.083984
17557,512,85542,167.074219
17558,512,87291,170.490234
17559,512,87709,171.306641
17560,512,87959,171.794922
17561,512,87000,169.921875
17562,512,85208,166.421875
17563,512,85667,167.318359
17564,512,83584,163.250000
17565,512,86708,169.351562
17566,512,88708,173.257812
17567,512,86917,169.759766
17568,512,88416,172.687500
17569,512,85084,166.179688
17570,512,88750,173.339844
17571,512,86291,168.537109
17572,512,87209,170.330078
17573,512,85458,166.910156
17574,512,83875,163.818359
17575,512,84041,164.142578
17576,512,84792,165.609375
17577,512,100667,196.615234
17578,512,87667,171.224609
17579,512,87875,171.630859
17580,512,85916,167.804688
17581,512,88042,171.957031
17582,512,86916,169.757812
17583,512,85709,167.400391
17584,512,88916,173.664062
17585,512,86042,168.050781
17586,512,85417,166.830078
17587,512,85375,166.748047
17588,512,85833,167.642578
17589,512,85083,166.177734
17590,512,83250,162.597656
17591,512,84875,165.771484
17592,512,83959,163.982422
17593,512,85334,166.667969
17594,512,87792,171.468750
17595,512,90250,176.269531
17596,512,84042,164.144531
17597,512,86541,169.025391
17598,512,86167,168.294922
17599,512,88125,172.119141
17600,512,84333,164.712891
17601,512,87625,171.142578
17602,512,88167,172.201172
17603,512,89625,175.048828
17604,512,85208,166.421875
17605,512,83792,163.656250
17606,512,83208,162.515625
17607,512,85333,166.666016
17608,512,86042,168.050781
17609,512,84334,164.714844
17610,512,85000,166.015625
17611,512,86541,169.025391
17612,512,85167,166.341797
17613,512,85792,167.562500
17614,512,84916,165.851562
17615,512,85209,166.423828
17616,512,86916,169.757812
17617,512,85458,166.910156
17618,512,85500,166.992188
17619,512,85667,167.318359
17620,512,87208,170.328125
17621,512,84625,165.283203
17622,512,84542,165.121094
17623,512,85958,167.886719
17624,512,85334,166.667969
17625,512,84541,165.119141
17626,512,86459,168.865234
17627,512,84291,164.630859
17628,512,85667,167.318359
17629,512,86500,168.945312
17630,512,84667,165.365234
17631,512,86291,168.537109
17632,512,86292,168.539062
17633,512,87167,170.248047
17634,512,87166,170.246094
17635,512,86833,169.595703
17636,512,88000,171.875000
17637,512,86750,169.433594
17638,512,86917,169.759766
17639,512,86583,169.107422
17640,512,87750,171.386719
17641,512,88083,172.037109
17642,512,88542,172.933594
17643,512,88041,171.955078
17644,512,87417,170.736328
17645,512,87125,170.166016
17646,512,87208,170.328125
17647,512,90792,177.328125
17648,512,90875,177.490234
17649,512,88291,172.443359
17650,512,88667,173.177734
17651,512,89916,175.617188
17652,512,87792,171.468750
17653,512,88083,172.037109
17654,512,89292,174.398438
17655,512,87333,170.572266
17656,512,88500,172.851562
17657,512,88750,173.339844
17658,512,91750,179.199219
17659,512,89167,174.154297
17660,512,89500,174.804688
17661,512,88666,173.175781
17662,512,90333,176.431641
17663,512,88542,172.933594
17664,512,90708,177.164062
17665,512,89458,174.722656
17666,512,88667,173.177734
17667,512,90083,175.943359
17668,512,89166,174.152344
17669,512,86750,169.433594
17670,512,90334,176.433594
17671,512,93708,183.023438
17672,512,90958,177.652344
17673,512,88458,172.769531
17674,512,90000,175.781250
17675,512,89834,175.457031
17676,512,90083,175.943359
17677,512,88208,172.281250
17678,512,89291,174.396484
17679,512,88708,173.257812
17680,512,88875,173.583984
17681,512,88417,172.689453
17682,512,89958,175.699219
17683,512,90792,177.328125
17684,512,91000,177.734375
17685,512,89333,174.478516
17686,512,89500,174.804688
17687,512,88583,173.013672
17688,512,88416,172.687500
17689,512,87792,171.468750
17690,512,90375,176.513672
17691,512,86625,169.189453
17692,512,88583,173.013672
17693,512,93084,181.804688
17694,512,88375,172.607422
17695,512,91792,179.281250
17696,512,89625,175.048828
17697,512,91750,179.199219
17698,512,88541,172.931641
17699,512,86250,168.457031
17700,512,87042,170.003906
17701,512,86166,168.292969
17702,512,88250,172.363281
17703,512,86292,168.539062
17704,512,87250,170.410156
17705,512,96333,188.150391
17706,512,89208,174.234375
17707,512,86833,169.595703
17708,512,90084,175.945312
17709,512,87959,171.794922
17710,512,86584,169.109375
17711,512,86916,169.757812
17712,512,88542,172.933594
17713,512,87416,170.734375
17714,512,86000,167.968750
17715,512,83750,163.574219
17716,512,86334,168.621094
17717,512,86459,168.865234
17718,512,87333,170.572266
17719,512,88708,173.257812
17720,512,86000,167.968750
17721,512,86625,169.189453
17722,512,87709,171.306641
17723,512,86458,168.863281
17724,512,87708,171.304688
17725,512,85375,166.748047
17726,512,87292,170.492188
17727,512,88542,172.933594
17728,512,84959,165.935547
17729,512,86834,169.597656
17730,512,83958,163.980469
17731,512,84625,165.283203
17732,512,85250,166.503906
17733,512,85916,167.804688
17734,512,91042,177.816406
17735,512,89833,175.455078
17736,512,87583,171.060547
17737,512,87750,171.386719
17738,512,86959,169.841797
17739,512,87125,170.166016
17740,512,87625,171.142578
17741,512,82708,161.539062
17742,512,87834,171.550781
17743,512,85458,166.910156
17744,512,85000,166.015625
17745,512,85500,166.992188
17746,512,86625,169.189453
17747,512,86375,168.701172
17748,512,86875,169.677734
17749,512,86083,168.130859
17750,512,87458,170.816406
17751,512,88375,172.607422
17752,512,91041,177.814453
17753,512,85584,167.156250
17754,512,90000,175.781250
17755,512,88208,172.281250
17756,512,86208,168.375000
17757,512,86792,169.515625
17758,512,89666,175.128906
17759,512,86667,169.271484
17760,512,84916,165.851562
17761,512,86042,168.050781
17762,512,87167,170.248047
17763,512,84000,164.062500
17764,512,87541,170.978516
17765,512,85959,167.888672
17766,512,86750,169.433594
17767,512,86709,169.353516
17768,512,83792,163.656250
17769,512,86083,168.130859
17770,512,84417,164.876953
17771,512,86417,168.783203
17772,512,88750,173.339844
17773,512,85666,167.316406
17774,512,88500,172.851562
17775,512,88208,172.281250
17776,512,89208,174.234375
17777,512,86417,168.783203
17778,512,89125,174.072266
17779,512,86334,168.621094
17780,512,88708,173.257812
17781,512,88458,172.769531
17782,512,88209,172.283203
17783,512,85417,166.830078
17784,512,87792,171.468750
17785,512,87291,170.490234
17786,512,85667,167.318359
17787,512,85958,167.886719
17788,512,87417,170.736328
17789,512,86750,169.433594
17790,512,87084,170.085938
17791,512,86375,168.701172
17792,512,86417,168.783203
17793,512,87667,171.224609
17794,512,89250,174.316406
17795,512,85000,166.015625
17796,512,85625,167.236328
17797,512,88375,172.607422
17798,512,86125,168.212891
17799,512,87916,171.710938
17800,512,88792,173.421875
17801,512,87125,170.166016
17802,512,86458,168.863281
17803,512,87375,170.654297
17804,512,88208,172.281250
17805,512,88084,172.039062
17806,512,89500,174.804688
17807,512,88292,172.445312
17808,512,87042,170.003906
17809,512,88000,171.875000
17810,512,91959,179.607422
17811,512,87041,170.001953
17812,512,87292,170.492188
17813,512,86791,169.513672
17814,512,90000,175.781250
17815,512,89583,174.966797
17816,512,89042,173.910156
17817,512,92375,180.419922
17818,512,89000,173.828125
17819,512,89917,175.619141
17820,512,88459,172.771484
17821,512,89791,175.373047
17822,512,93709,183.025391
17823,512,91041,177.814453
17824,512,92917,181.478516
17825,512,91208,178.140625
17826,512,92875,181.396484
17827,512,92333,180.337891
17828,512,93583,182.779297
17829,512,88875,173.583984
17830,512,91542,178.792969
17831,512,91791,179.279297
17832,512,95417,186.361328
17833,512,91750,179.199219
17834,512,93708,183.023438
17835,512,90542,176.839844
17836,512,90916,177.570312
17837,512,93042,181.722656
17838,512,92042,179.769531
17839,512,90750,177.246094
17840,512,93833,183.267578
17841,512,94208,184.000000
17842,512,92375,180.419922
17843,512,90167,176.107422
17844,512,91458,178.628906
17845,512,91750,179.199219
17846,512,90583,176.919922
17847,512,91708,179.117188
17848,512,92750,181.152344
17849,512,93500,182.617188
17850,512,91333,178.384766
17851,512,92875,181.396484
17852,512,90875,177.490234
17853,512,90166,176.105469
17854,512,92084,179.851562
17855,512,91166,178.058594
17856,512,93458,182.535156
17857,512,91542,178.792969
17858,512,90375,176.513672
17859,512,89750,175.292969
17860,512,90542,176.839844
17861,512,90375,176.513672
17862,512,91916,179.523438
17863,512,90042,175.863281
17864,512,91541,178.791016
17865,512,94583,184.732422
17866,512,89084,173.992188
17867,512,92375,180.419922
17868,512,102292,199.789062
17869,512,94000,183.593750
17870,512,93000,181.640625
17871,512,89542,174.886719
17872,512,90792,177.328125
17873,512,88292,172.445312
17874,512,91625,178.955078
17875,512,89750,175.292969
17876,512,88333,172.525391
17877,512,92584,180.828125
17878,512,88209,172.283203
17879,512,91375,178.466797
17880,512,91167,178.060547
17881,512,90833,177.408203
17882,512,90625,177.001953
17883,512,90583,176.919922
17884,512,88916,173.664062
17885,512,91250,178.222656
17886,512,89292,174.398438
17887,512,87291,170.490234
17888,512,89334,174.480469
17889,512,86750,169.433594
17890,512,89708,175.210938
17891,512,88375,172.607422
17892,512,89708,175.210938
17893,512,89500,174.804688
17894,512,87500,170.898438
17895,512,86917,169.759766
17896,512,88000,171.875000
17897,512,87458,170.816406
17898,512,85292,166.585938
17899,512,90875,177.490234
17900,512,87666,171.222656
17901,512,88458,172.769531
17902,512,89458,174.722656
17903,512,89167,174.154297
17904,512,88125,172.119141
17905,512,87250,170.410156
17906,512,86917,169.759766
17907,512,86750,169.433594
17908,512,87291,170.490234
17909,512,88500,172.851562
17910,512,89667,175.130859
17911,512,86083,168.130859
17912,512,86750,169.433594
17913,512,90125,176.025391
17914,512,89541,174.884766
17915,512,90917,177.572266
17916,512,88333,172.525391
17917,512,89375,174.560547
17918,512,89083,173.990234
17919,512,88208,172.281250
17920,512,88042,171.957031
17921,512,91125,177.978516
17922,512,92125,179.931641
17923,512,97000,189.453125
17924,512,89000,173.828125
17925,512,89250,174.316406
17926,512,91417,178.548828
17927,512,108125,211.181641
17928,512,84958,165.933594
17929,512,86334,168.621094
17930,512,92250,180.175781
17931,512,92375,180.419922
17932,512,86000,167.968750
17933,512,90583,176.919922
17934,512,87292,170.492188
17935,512,86834,169.597656
17936,512,92333,180.337891
17937,512,85916,167.804688
17938,512,86000,167.968750
17939,512,87292,170.492188
17940,512,83917,163.900391
17941,512,85791,167.560547
17942,512,87333,170.572266
17943,512,86792,169.515625
17944,512,87958,171.792969
17945,512,88125,172.119141
17946,512,86041,168.048828
17947,512,86375,168.701172
17948,512,83042,162.191406
17949,512,85041,166.095703
17950,512,84833,165.689453
17951,512,86084,168.132812
17952,512,85083,166.177734
17953,512,84375,164.794922
17954,512,85125,166.259766
17955,512,85250,166.503906
17956,512,83875,163.818359
17957,512,84833,165.689453
17958,512,87583,171.060547
17959,512,86250,168.457031
17960,512,86125,168.212891
17961,512,85042,166.097656
17962,512,86542,169.027344
17963,512,86584,169.109375
17964,512,85500,166.992188
17965,512,86417,168.783203
17966,512,88541,172.931641
17967,512,85250,166.503906
17968,512,83417,162.923828
17969,512,84875,165.771484
17970,512,85875,167.724609
17971,512,87083,170.083984
17972,512,90334,176.433594
17973,512,87166,170.246094
17974,512,88000,171.875000
17975,512,87125,170.166016
17976,512,87208,170.328125
17977,512,86375,168.701172
17978,512,84667,165.365234
17979,512,86250,168.457031
17980,512,85042,166.097656
17981,512,84500,165.039062
17982,512,83791,163.654297
17983,512,84792,165.609375
17984,512,86375,168.701172
17985,512,86584,169.109375
17986,512,85666,167.316406
17987,512,85584,167.156250
17988,512,86375,168.701172
17989,512,85250,166.503906
17990,512,87583,171.060547
17991,512,87208,170.328125
17992,512,84542,165.121094
17993,512,85708,167.398438
17994,512,84500,165.039062
17995,512,84750,165.527344
17996,512,86125,168.212891
17997,512,85792,167.562500
17998,512,85000,166.015625
17999,512,85208,166.421875
18000,512,86375,168.701172
18001,512,84834,165.691406
18002,512,84792,165.609375
18003,512,91500,178.710938
18004,512,93417,182.455078
18005,512,84041,164.142578
18006,512,84000,164.062500
18007,512,84500,165.039062
18008,512,86250,168.457031
18009,512,83750,163.574219
18010,512,86084,168.132812
18011,512,84875,165.771484
18012,512,86209,168.376953
18013,512,85916,167.804688
18014,512,83792,163.656250
18015,512,88291,172.443359
18016,512,84750,165.527344
18017,512,95292,186.117188
18018,512,88375,172.607422
18019,512,90625,177.001953
18020,512,91041,177.814453
18021,512,85750,167.480469
18022,512,84917,165.853516
18023,512,89292,174.398438
18024,512,85667,167.318359
18025,512,84041,164.142578
18026,512,85167,166.341797
18027,512,86208,168.375000
18028,512,85417,166.830078
18029,512,82541,161.212891
18030,512,82792,161.703125
18031,512,86458,168.863281
18032,512,84917,165.853516
18033,512,86792,169.515625
18034,512,88042,171.957031
18035,512,91875,179.443359
18036,512,88084,172.039062
18037,512,85500,166.992188
18038,512,86083,168.130859
18039,512,84916,165.851562
18040,512,89125,174.072266
18041,512,84709,165.447266
18042,512,89375,174.560547
18043,512,84000,164.062500
18044,512,84875,165.771484
18045,512,90208,176.187500
18046,512,89375,174.560547
18047,512,88583,173.013672
18048,512,87000,169.921875
18049,512,84625,165.283203
18050,512,85542,167.074219
18051,512,84333,164.712891
18052,512,92959,181.560547
18053,512,85125,166.259766
18054,512,88750,173.339844
18055,512,84667,165.365234
18056,512,84334,164.714844
18057,512,85291,166.583984
18058,512,83875,163.818359
18059,512,88542,172.933594
18060,512,87625,171.142578
18061,512,90125,176.025391
18062,512,89417,174.642578
18063,512,89875,175.537109
18064,512,86958,169.839844
18065,512,83417,162.923828
18066,512,92000,179.687500
18067,512,85042,166.097656
18068,512,86125,168.212891
18069,512,86291,168.537109
18070,512,86500,168.945312
18071,512,86458,168.863281
18072,512,86625,169.189453
18073,512,86583,169.107422
18074,512,86084,168.132812
18075,512,83125,162.353516
18076,512,92834,181.316406
18077,512,84834,165.691406
18078,512,91750,179.199219
18079,512,85209,166.423828
18080,512,87083,170.083984
18081,512,91541,178.791016
18082,512,87292,170.492188
18083,512,82750,161.621094
18084,512,84583,165.201172
18085,512,85959,167.888672
18086,512,89375,174.560547
18087,512,90750,177.246094
18088,512,83500,163.085938
18089,512,90250,176.269531
18090,512,85958,167.886719
18091,512,85208,166.421875
18092,512,86709,169.353516
18093,512,88583,173.013672
18094,512,86625,169.189453
18095,512,89791,175.373047
18096,512,83334,162.761719
18097,512,84208,164.468750
18098,512,89167,174.154297
18099,512,84167,164.388672
18100,512,86792,169.515625
18101,512,92042,179.769531
18102,512,87000,169.921875
18103,512,87083,170.083984
18104,512,90917,177.572266
18105,512,84875,165.771484
18106,512,86208,168.375000
18107,512,86459,168.865234
18108,512,86000,167.968750
18109,512,85875,167.724609
18110,512,89833,175.455078
18111,512,89208,174.234375
18112,512,88292,172.445312
18113,512,84333,164.712891
18114,512,84583,165.201172
18115,512,92500,180.664062
18116,512,81500,159.179688
18117,512,90208,176.187500
18118,512,88000,171.875000
18119,512,85917,167.806641
18120,512,85208,166.421875
18121,512,89583,174.966797
18122,512,88709,173.259766
18123,512,85041,166.095703
18124,512,88834,173.503906
18125,512,88084,172.039062
18126,512,90334,176.433594
18127,512,84917,165.853516
18128,512,85125,166.259766
18129,512,85584,167.156250
18130,512,88667,173.177734
18131,512,94917,185.384766
18132,512,89541,174.884766
18133,512,89500,174.804688
18134,512,85583,167.154297
18135,512,88917,173.666016
18136,512,86917,169.759766
18137,512,85083,166.177734
18138,512,83792,163.656250
18139,512,96791,189.044922
18140,512,85708,167.398438
18141,512,85625,167.236328
18142,512,89125,174.072266
18143,512,91375,178.466797
18144,512,90792,177.328125
18145,512,81500,159.179688
18146,512,83208,162.515625
18147,512,89625,175.048828
18148,512,86333,168.619141
18149,512,89959,175.701172
18150,512,84833,165.689453
18151,512,89125,174.072266
18152,512,89833,175.455078
18153,512,82709,161.541016
18154,512,84625,165.283203
18155,512,85708,167.398438
18156,512,85458,166.910156
18157,512,83084,162.273438
18158,512,85333,166.666016
18159,512,83792,163.656250
18160,512,84750,165.527344
18161,512,84583,165.201172
18162,512,85167,166.341797
18163,512,84583,165.201172
18164,512,83166,162.433594
18165,512,83292,162.679688
18166,512,86250,168.457031
18167,512,84583,165.201172
18168,512,84833,165.689453
18169,512,84042,164.144531
18170,512,85666,167.316406
18171,512,86500,168.945312
18172,512,85292,166.585938
18173,512,85083,166.177734
18174,512,86875,169.677734
18175,512,84667,165.365234
18176,512,86042,168.050781
18177,512,84666,165.363281
18178,512,89167,174.154297
18179,512,88833,173.501953
18180,512,85084,166.179688
18181,512,87667,171.224609
18182,512,85125,166.259766
18183,512,85625,167.236328
18184,512,85250,166.503906
18185,512,85750,167.480469
18186,512,83750,163.574219
18187,512,85500,166.992188
18188,512,86000,167.968750
18189,512,88250,172.363281
18190,512,87542,170.980469
18191,512,85500,166.992188
18192,512,82917,161.947266
18193,512,83709,163.494141
18194,512,88625,173.095703
18195,512,86292,168.539062
18196,512,98292,191.976562
18197,512,95125,185.791016
18198,512,90792,177.328125
18199,512,92042,179.769531
18200,512,93500,182.617188
18201,512,95750,187.011719
18202,512,86792,169.515625
18203,512,94166,183.917969
18204,512,97250,189.941406
18205,512,91583,178.873047
18206,512,88542,172.933594
18207,512,88084,172.039062
18208,512,90834,177.410156
18209,512,88166,172.199219
18210,512,88500,172.851562
18211,512,90000,175.781250
18212,512,90000,175.781250
18213,512,92375,180.419922
18214,512,88417,172.689453
18215,512,89416,174.640625
18216,512,89750,175.292969
18217,512,90792,177.328125
18218,512,90209,176.189453
18219,512,92875,181.396484
18220,512,91625,178.955078
18221,512,90917,177.572266
18222,512,87500,170.898438
18223,512,92458,180.582031
18224,512,87458,170.816406
18225,512,89250,174.316406
18226,512,91042,177.816406
18227,512,91708,179.117188
18228,512,89417,174.642578
18229,512,90250,176.269531
18230,512,89291,174.396484
18231,512,91042,177.816406
18232,512,92667,180.990234
18233,512,90542,176.839844
18234,512,91791,179.279297
18235,512,94292,184.164062
18236,512,92125,179.931641
18237,512,109125,213.134766
18238,512,137709,268.962891
18239,512,121958,238.199219
18240,512,100458,196.207031
18241,512,100375,196.044922
18242,512,95375,186.279297
18243,512,101125,197.509766
18244,512,96250,187.988281
18245,512,96334,188.152344
18246,512,111084,216.960938
18247,512,97875,191.162109
18248,512,96792,189.046875
18249,512,100542,196.371094
18250,512,99458,194.253906
18251,512,96000,187.500000
18252,512,100125,195.556641
18253,512,96542,188.558594
18254,512,98166,191.730469
18255,512,102000,199.218750
18256,512,100875,197.021484
18257,512,98625,192.626953
18258,512,97459,190.349609
18259,512,95916,187.335938
18260,512,100292,195.882812
18261,512,96292,188.070312
18262,512,93958,183.511719
18263,512,94000,183.593750
18264,512,97166,189.777344
18265,512,97084,189.617188
18266,512,97208,189.859375
18267,512,95416,186.359375
18268,512,103959,203.044922
18269,512,94166,183.917969
18270,512,92292,180.257812
18271,512,93416,182.453125
18272,512,95125,185.791016
18273,512,95000,185.546875
18274,512,96292,188.070312
18275,512,94916,185.382812
18276,512,97959,191.326172
18277,512,92791,181.232422
18278,512,91750,179.199219
18279,512,94459,184.490234
18280,512,92416,180.500000
18281,512,93834,183.269531
18282,512,92083,179.849609
18283,512,90167,176.107422
18284,512,92458,180.582031
18285,512,92500,180.664062
18286,512,91833,179.361328
18287,512,89875,175.537109
18288,512,92083,179.849609
18289,512,94709,184.978516
18290,512,91959,179.607422
18291,512,91875,179.443359
18292,512,90375,176.513672
18293,512,92541,180.744141
18294,512,92375,180.419922
18295,512,92750,181.152344
18296,512,91583,178.873047
18297,512,91917,179.525391
18298,512,106958,208.902344
18299,512,92375,180.419922
18300,512,90916,177.570312
18301,512,90708,177.164062
18302,512,89500,174.804688
18303,512,91084,177.898438
18304,512,94375,184.326172
18305,512,92958,181.558594
18306,512,92334,180.339844
18307,512,91583,178.873047
18308,512,87375,170.654297
18309,512,87084,170.085938
18310,512,87875,171.630859
18311,512,90375,176.513672
18312,512,90083,175.943359
18313,512,86667,169.271484
18314,512,90833,177.408203
18315,512,91542,178.792969
18316,512,88166,172.199219
18317,512,86042,168.050781
18318,512,90375,176.513672
18319,512,94334,184.246094
18320,512,90167,176.107422
18321,512,90792,177.328125
18322,512,88125,172.119141
18323,512,89041,173.908203
18324,512,87042,170.003906
18325,512,88917,173.666016
18326,512,88334,172.527344
18327,512,89333,174.478516
18328,512,91166,178.058594
18329,512,88875,173.583984
18330,512,89500,174.804688
18331,512,86792,169.515625
18332,512,88541,172.931641
18333,512,88292,172.445312
18334,512,90833,177.408203
18335,512,88250,172.363281
18336,512,91333,178.384766
18337,512,90500,176.757812
18338,512,88875,173.583984
18339,512,85375,166.748047
18340,512,87666,171.222656
18341,512,87250,170.410156
18342,512,90583,176.919922
18343,512,89542,174.886719
18344,512,85916,167.804688
18345,512,89042,173.910156
18346,512,91000,177.734375
18347,512,90083,175.943359
18348,512,87625,171.142578
18349,512,87041,170.001953
18350,512,89000,173.828125
18351,512,91625,178.955078
18352,512,88875,173.583984
18353,512,88042,171.957031
18354,512,88791,173.419922
18355,512,86917,169.759766
18356,512,87833,171.548828
18357,512,86500,168.945312
18358,512,88542,172.933594
18359,512,89833,175.455078
18360,512,87375,170.654297
18361,512,87291,170.490234
18362,512,87959,171.794922
18363,512,88750,173.339844
18364,512,85708,167.398438
18365,512,88958,173.746094
18366,512,86375,168.701172
18367,512,90209,176.189453
18368,512,86459,168.865234
18369,512,86958,169.839844
18370,512,89250,174.316406
18371,512,86833,169.595703
18372,512,84584,165.203125
18373,512,87708,171.304688
18374,512,87583,171.060547
18375,512,88083,172.037109
18376,512,87542,170.980469
18377,512,86792,169.515625
18378,512,89042,173.910156
18379,512,87500,170.898438
18380,512,92500,180.664062
18381,512,86291,168.537109
18382,512,88709,173.259766
18383,512,93750,183.105469
18384,512,90041,175.861328
18385,512,89125,174.072266
18386,512,92666,180.988281
18387,512,100833,196.939453
18388,512,112375,219.482422
18389,512,93917,183.431641
18390,512,90208,176.187500
18391,512,91458,178.628906
18392,512,91167,178.060547
18393,512,92958,181.558594
18394,512,90792,177.328125
18395,512,116458,227.457031
18396,512,86500,168.945312
18397,512,93708,183.023438
18398,512,90583,176.919922
18399,512,100959,197.185547
18400,512,90917,177.572266
18401,512,88500,172.851562
18402,512,91458,178.628906
18403,512,88500,172.851562
18404,512,91042,177.816406
18405,512,91166,178.058594
18406,512,92209,180.095703
18407,512,86958,169.839844
18408,512,92916,181.476562
18409,512,88333,172.525391
18410,512,87084,170.085938
18411,512,87958,171.792969
18412,512,85208,166.421875
18413,512,92167,180.013672
18414,512,88750,173.339844
18415,512,92458,180.582031
18416,512,86625,169.189453
18417,512,92500,180.664062
18418,512,91041,177.814453
18419,512,91667,179.037109
18420,512,90625,177.001953
18421,512,87041,170.001953
18422,512,91333,178.384766
18423,512,89500,174.804688
18424,512,91625,178.955078
18425,512,90500,176.757812
18426,512,88292,172.445312
18427,512,90708,177.164062
18428,512,85500,166.992188
18429,512,85666,167.316406
18430,512,100834,196.941406
18431,512,100791,196.857422
18432,512,89500,174.804688
18433,512,87583,171.060547
18434,512,95625,186.767578
18435,512,91458,178.628906
18436,512,86958,169.839844
18437,512,90417,176.595703
18438,512,85542,167.074219
18439,512,85208,166.421875
18440,512,86042,168.050781
18441,512,87500,170.898438
18442,512,86417,168.783203
18443,512,87750,171.386719
18444,512,83750,163.574219
18445,512,86625,169.189453
18446,512,92583,180.826172
18447,512,88292,172.445312
18448,512,85417,166.830078
18449,512,90583,176.919922
18450,512,89875,175.537109
18451,512,88208,172.281250
18452,512,86667,169.271484
18453,512,93000,181.640625
18454,512,88041,171.955078
18455,512,93000,181.640625
18456,512,91042,177.816406
18457,512,94792,185.140625
18458,512,85500,166.992188
18459,512,83334,162.761719
18460,512,88291,172.443359
18461,512,90334,176.433594
18462,512,85083,166.177734
18463,512,86916,169.757812
18464,512,90583,176.919922
18465,512,87042,170.003906
18466,512,86041,168.048828
18467,512,85833,167.642578
18468,512,92292,180.257812
18469,512,85292,166.585938
18470,512,89292,174.398438
18471,512,83958,163.980469
18472,512,91125,177.978516
18473,512,87916,171.710938
18474,512,86542,169.027344
18475,512,86583,169.107422
18476,512,86125,168.212891
18477,512,92666,180.988281
18478,512,89417,174.642578
18479,512,88125,172.119141
18480,512,95708,186.929688
18481,512,92542,180.746094
18482,512,89750,175.292969
18483,512,85375,166.748047
18484,512,85625,167.236328
18485,512,86500,168.945312
18486,512,85625,167.236328
18487,512,82792,161.703125
18488,512,86125,168.212891
18489,512,86792,169.515625
18490,512,86583,169.107422
18491,512,89167,174.154297
18492,512,83625,163.330078
18493,512,85750,167.480469
18494,512,83916,163.898438
18495,512,89875,175.537109
18496,512,85750,167.480469
18497,512,89625,175.048828
18498,512,86667,169.271484
18499,512,89084,173.992188
18500,512,90833,177.408203
18501,512,88458,172.769531
18502,512,84334,164.714844
18503,512,88791,173.419922
18504,512,85375,166.748047
18505,512,88917,173.666016
18506,512,88166,172.199219
18507,512,85167,166.341797
18508,512,90625,177.001953
18509,512,89250,174.316406
18510,512,90250,176.269531
18511,512,83125,162.353516
18512,512,83791,163.654297
18513,512,84625,165.283203
18514,512,82750,161.621094
18515,512,87875,171.630859
18516,512,84708,165.445312
18517,512,90166,176.105469
18518,512,83709,163.494141
18519,512,93041,181.720703
18520,512,84375,164.794922
18521,512,88333,172.525391
18522,512,84375,164.794922
18523,512,84333,164.712891
18524,512,84958,165.933594
18525,512,84542,165.121094
18526,512,85708,167.398438
18527,512,83833,163.736328
18528,512,84000,164.062500
18529,512,84459,164.958984
18530,512,87541,170.978516
18531,512,84875,165.771484
18532,512,85542,167.074219
18533,512,104666,204.425781
18534,512,84500,165.039062
18535,512,90000,175.781250
18536,512,88584,173.015625
18537,512,86291,168.537109
18538,512,87459,170.818359
18539,512,85041,166.095703
18540,512,86709,169.353516
18541,512,86250,168.457031
18542,512,85167,166.341797
18543,512,86833,169.595703
18544,512,88000,171.875000
18545,512,89125,174.072266
18546,512,89625,175.048828
18547,512,88041,171.955078
18548,512,85584,167.156250
18549,512,88375,172.607422
18550,512,87541,170.978516
18551,512,86709,169.353516
18552,512,88666,173.175781
18553,512,89917,175.619141
18554,512,92042,179.769531
18555,512,85459,166.912109
18556,512,101583,198.404297
18557,512,93375,182.373047
18558,512,93291,182.208984
18559,512,91959,179.607422
18560,512,89250,174.316406
18561,512,92667,180.990234
18562,512,90875,177.490234
18563,512,90833,177.408203
18564,512,92542,180.746094
18565,512,91500,178.710938
18566,512,90417,176.595703
18567,512,87917,171.712891
18568,512,87958,171.792969
18569,512,92834,181.316406
18570,512,96250,187.988281
18571,512,97333,190.103516
18572,512,96458,188.394531
18573,512,97209,189.861328
18574,512,90375,176.513672
18575,512,90333,176.431641
18576,512,88958,173.746094
18577,512,90709,177.166016
18578,512,91375,178.466797
18579,512,93042,181.722656
18580,512,92125,179.931641
18581,512,87667,171.224609
18582,512,89250,174.316406
18583,512,90958,177.652344
18584,512,90000,175.781250
18585,512,91125,177.978516
18586,512,88375,172.607422
18587,512,89834,175.457031
18588,512,92125,179.931641
18589,512,89334,174.480469
18590,512,89333,174.478516
18591,512,91041,177.814453
18592,512,90917,177.572266
18593,512,91875,179.443359
18594,512,92583,180.826172
18595,512,91000,177.734375
18596,512,92916,181.476562
18597,512,90084,175.945312
18598,512,89875,175.537109
18599,512,91166,178.058594
18600,512,95708,186.929688
18601,512,95042,185.628906
18602,512,89209,174.236328
18603,512,89500,174.804688
18604,512,99792,194.906250
18605,512,90250,176.269531
18606,512,91666,179.035156
18607,512,90584,176.921875
18608,512,91750,179.199219
18609,512,89334,174.480469
18610,512,92334,180.339844
18611,512,96500,188.476562
18612,512,94375,184.326172
18613,512,92541,180.744141
18614,512,91584,178.875000
18615,512,94334,184.246094
18616,512,97500,190.429688
18617,512,90583,176.919922
18618,512,88667,173.177734
18619,512,89459,174.724609
18620,512,93834,183.269531
18621,512,94791,185.138672
18622,512,89709,175.212891
18623,512,93583,182.779297
18624,512,96458,188.394531
18625,512,93250,182.128906
18626,512,98292,191.976562
18627,512,93125,181.884766
18628,512,95083,185.708984
18629,512,93583,182.779297
18630,512,91167,178.060547
18631,512,92750,181.152344
18632,512,93791,183.185547
18633,512,90125,176.025391
18634,512,93417,182.455078
18635,512,87625,171.142578
18636,512,86750,169.433594
18637,512,90083,175.943359
18638,512,87834,171.550781
18639,512,86333,168.619141
18640,512,93000,181.640625
18641,512,92791,181.232422
18642,512,92584,180.828125
18643,512,85959,167.888672
18644,512,92500,180.664062
18645,512,92792,181.234375
18646,512,91083,177.896484
18647,512,89792,175.375000
18648,512,87041,170.001953
18649,512,87708,171.304688
18650,512,88584,173.015625
18651,512,88958,173.746094
18652,512,93291,182.208984
18653,512,91667,179.037109
18654,512,92125,179.931641
18655,512,89333,174.478516
18656,512,86959,169.841797
18657,512,89875,175.537109
18658,512,94042,183.675781
18659,512,91292,178.304688
18660,512,88167,172.201172
18661,512,88250,172.363281
18662,512,94041,183.673828
18663,512,86959,169.841797
18664,512,94459,184.490234
18665,512,93209,182.048828
18666,512,92708,181.070312
18667,512,108167,211.263672
18668,512,97750,190.917969
18669,512,96875,189.208984
18670,512,98333,192.056641
18671,512,98792,192.953125
18672,512,106375,207.763672
18673,512,92958,181.558594
18674,512,86709,169.353516
18675,512,88834,173.503906
18676,512,94166,183.917969
18677,512,86250,168.457031
18678,512,87042,170.003906
18679,512,92333,180.337891
18680,512,94625,184.814453
18681,512,88459,172.771484
18682,512,104458,204.019531
18683,512,88583,173.013672
18684,512,90000,175.781250
18685,512,88792,173.421875
18686,512,88125,172.119141
18687,512,85250,166.503906
18688,512,86375,168.701172
18689,512,91333,178.384766
18690,512,85584,167.156250
18691,512,91458,178.628906
18692,512,86125,168.212891
18693,512,92250,180.175781
18694,512,86625,169.189453
18695,512,87792,171.468750
18696,512,84458,164.957031
18697,512,92791,181.232422
18698,512,91083,177.896484
18699,512,85584,167.156250
18700,512,85541,167.072266
18701,512,93375,182.373047
18702,512,88375,172.607422
18703,512,95083,185.708984
18704,512,86250,168.457031
18705,512,94000,183.593750
18706,512,86958,169.839844
18707,512,87833,171.548828
18708,512,87542,170.980469
18709,512,88791,173.419922
18710,512,86667,169.271484
18711,512,83958,163.980469
18712,512,91000,177.734375
18713,512,87291,170.490234
18714,512,85125,166.259766
18715,512,93208,182.046875
18716,512,88334,172.527344
18717,512,89500,174.804688
18718,512,91292,178.304688
18719,512,91542,178.792969
18720,512,95875,187.255859
18721,512,90333,176.431641
18722,512,93792,183.187500
18723,512,90584,176.921875
18724,512,90166,176.105469
18725,512,91417,178.548828
18726,512,86750,169.433594
18727,512,85875,167.724609
18728,512,85792,167.562500
18729,512,89250,174.316406
18730,512,87292,170.492188
18731,512,92083,179.849609
18732,512,90417,176.595703
18733,512,90291,176.349609
18734,512,89583,174.966797
18735,512,84750,165.527344
18736,512,93917,183.431641
18737,512,85833,167.642578
18738,512,85917,167.806641
18739,512,85334,166.667969
18740,512,86166,168.292969
18741,512,84917,165.853516
18742,512,85083,166.177734
18743,512,88417,172.689453
18744,512,88209,172.283203
18745,512,86084,168.132812
18746,512,86000,167.968750
18747,512,86709,169.353516
18748,512,87875,171.630859
18749,512,86458,168.863281
18750,512,86292,168.539062
18751,512,86416,168.781250
18752,512,84750,165.527344
18753,512,86375,168.701172
18754,512,87000,169.921875
18755,512,88833,173.501953
18756,512,87167,170.248047
18757,512,86166,168.292969
18758,512,86792,169.515625
18759,512,86750,169.433594
18760,512,85250,166.503906
18761,512,88209,172.283203
18762,512,87625,171.142578
18763,512,90250,176.269531
18764,512,89917,175.619141
18765,512,88125,172.119141
18766,512,85834,167.644531
18767,512,87333,170.572266
18768,512,87416,170.734375
18769,512,87417,170.736328
18770,512,88500,172.851562
18771,512,87416,170.734375
18772,512,87584,171.062500
18773,512,85459,166.912109
18774,512,87917,171.712891
18775,512,88333,172.525391
18776,512,87583,171.060547
18777,512,85000,166.015625
18778,512,86250,168.457031
18779,512,87958,171.792969
18780,512,86292,168.539062
18781,512,86625,169.189453
18782,512,86250,168.457031
18783,512,85791,167.560547
18784,512,85833,167.642578
18785,512,86959,169.841797
18786,512,85583,167.154297
18787,512,86917,169.759766
18788,512,84542,165.121094
18789,512,87833,171.548828
18790,512,88584,173.015625
18791,512,85834,167.644531
18792,512,84292,164.632812
18793,512,84917,165.853516
18794,512,86125,168.212891
18795,512,89833,175.455078
18796,512,101708,198.648438
18797,512,85125,166.259766
18798,512,86167,168.294922
18799,512,85041,166.095703
18800,512,84750,165.527344
18801,512,85084,166.179688
18802,512,87791,171.466797
18803,512,85667,167.318359
18804,512,90750,177.246094
18805,512,87167,170.248047
18806,512,92000,179.687500
18807,512,87292,170.492188
18808,512,87666,171.222656
18809,512,86250,168.457031
18810,512,91167,178.060547
18811,512,88333,172.525391
18812,512,88125,172.119141
18813,512,85625,167.236328
18814,512,88667,173.177734
18815,512,84917,165.853516
18816,512,87917,171.712891
18817,512,103667,202.474609
18818,512,87542,170.980469
18819,512,84417,164.876953
18820,512,85833,167.642578
18821,512,86125,168.212891
18822,512,86500,168.945312
18823,512,85125,166.259766
18824,512,86500,168.945312
18825,512,86792,169.515625
18826,512,90959,177.654297
18827,512,87959,171.794922
18828,512,83833,163.736328
18829,512,84667,165.365234
18830,512,87625,171.142578
18831,512,89250,174.316406
18832,512,88125,172.119141
18833,512,85292,166.585938
18834,512,83500,163.085938
18835,512,85333,166.666016
18836,512,85541,167.072266
18837,512,87792,171.468750
18838,512,85750,167.480469
18839,512,85875,167.724609
18840,512,86417,168.783203
18841,512,85458,166.910156
18842,512,87750,171.386719
18843,512,86125,168.212891
18844,512,85959,167.888672
18845,512,85292,166.585938
18846,512,86000,167.968750
18847,512,87333,170.572266
18848,512,90459,176.677734
18849,512,88916,173.664062
18850,512,88000,171.875000
18851,512,85000,166.015625
18852,512,83417,162.923828
18853,512,90041,175.861328
18854,512,84167,164.388672
18855,512,84416,164.875000
18856,512,84750,165.527344
18857,512,88917,173.666016
18858,512,102375,199.951172
18859,512,85750,167.480469
18860,512,91166,178.058594
18861,512,86250,168.457031
18862,512,87375,170.654297
18863,512,87417,170.736328
18864,512,86666,169.269531
18865,512,85959,167.888672
18866,512,83375,162.841797
18867,512,86833,169.595703
18868,512,88042,171.957031
18869,512,86708,169.351562
18870,512,92750,181.152344
18871,512,84542,165.121094
18872,512,88166,172.199219
18873,512,87042,170.003906
18874,512,84916,165.851562
18875,512,86167,168.294922
18876,512,87708,171.304688
18877,512,86500,168.945312
18878,512,91916,179.523438
18879,512,86208,168.375000
18880,512,87042,170.003906
18881,512,85417,166.830078
18882,512,84625,165.283203
18883,512,86167,168.294922
18884,512,84584,165.203125
18885,512,86375,168.701172
18886,512,82083,160.318359
18887,512,84417,164.876953
18888,512,86125,168.212891
18889,512,88250,172.363281
18890,512,84042,164.144531
18891,512,86375,168.701172
18892,512,91000,177.734375
18893,512,85334,166.667969
18894,512,83209,162.517578
18895,512,84333,164.712891
18896,512,89000,173.828125
18897,512,84500,165.039062
18898,512,87208,170.328125
18899,512,87375,170.654297
18900,512,85000,166.015625
18901,512,86417,168.783203
18902,512,87042,170.003906
18903,512,85625,167.236328
18904,512,88833,173.501953
18905,512,84292,164.632812
18906,512,85041,166.095703
18907,512,86584,169.109375
18908,512,85166,166.339844
18909,512,87750,171.386719
18910,512,86333,168.619141
18911,512,86042,168.050781
18912,512,87625,171.142578
18913,512,88125,172.119141
18914,512,85625,167.236328
18915,512,86208,168.375000
18916,512,85042,166.097656
18917,512,85834,167.644531
18918,512,85291,166.583984
18919,512,86667,169.271484
18920,512,87166,170.246094
18921,512,88042,171.957031
18922,512,87583,171.060547
18923,512,88375,172.607422
18924,512,88250,172.363281
18925,512,88625,173.095703
18926,512,86417,168.783203
18927,512,86500,168.945312
18928,512,87625,171.142578
18929,512,87125,170.166016
18930,512,87875,171.630859
18931,512,86125,168.212891
18932,512,89416,174.640625
18933,512,88542,172.933594
18934,512,86292,168.539062
18935,512,85583,167.154297
18936,512,88750,173.339844
18937,512,86750,169.433594
18938,512,89875,175.537109
18939,512,87542,170.980469
18940,512,87208,170.328125
18941,512,86500,168.945312
18942,512,88083,172.037109
18943,512,89750,175.292969
18944,512,86958,169.839844
18945,512,90917,177.572266
18946,512,90625,177.001953
18947,512,95333,186.197266
18948,512,89958,175.699219
18949,512,91709,179.119141
18950,512,90417,176.595703
18951,512,90083,175.943359
18952,512,90250,176.269531
18953,512,104125,203.369141
18954,512,88542,172.933594
18955,512,90167,176.107422
18956,512,90750,177.246094
18957,512,92375,180.419922
18958,512,90542,176.839844
18959,512,89625,175.048828
18960,512,91292,178.304688
18961,512,91209,178.142578
18962,512,90625,177.001953
18963,512,91917,179.525391
18964,512,91125,177.978516
18965,512,89458,174.722656
18966,512,90416,176.593750
18967,512,91709,179.119141
18968,512,87458,170.816406
18969,512,91041,177.814453
18970,512,88917,173.666016
18971,512,90875,177.490234
18972,512,89583,174.966797
18973,512,91917,179.525391
18974,512,93583,182.779297
18975,512,91542,178.792969
18976,512,91750,179.199219
18977,512,89041,173.908203
18978,512,92000,179.687500
18979,512,92125,179.931641
18980,512,91708,179.117188
18981,512,89792,175.375000
18982,512,90292,176.351562
18983,512,89583,174.966797
18984,512,95042,185.628906
18985,512,92000,179.687500
18986,512,91875,179.443359
18987,512,88542,172.933594
18988,512,91208,178.140625
18989,512,90042,175.863281
18990,512,92833,181.314453
18991,512,90792,177.328125
18992,512,92125,179.931641
18993,512,89750,175.292969
18994,512,90167,176.107422
18995,512,89541,174.884766
18996,512,89375,174.560547
18997,512,88334,172.527344
18998,512,90125,176.025391
18999,512,88792,173.421875
19000,512,89458,174.722656
19001,512,88625,173.095703
19002,512,89416,174.640625
19003,512,88917,173.666016
19004,512,91667,179.037109
19005,512,89750,175.292969
19006,512,91625,178.955078
19007,512,89500,174.804688
19008,512,90542,176.839844
19009,512,88917,173.666016
19010,512,88708,173.257812
19011,512,86791,169.513672
19012,512,89792,175.375000
19013,512,87417,170.736328
19014,512,89500,174.804688
19015,512,90083,175.943359
19016,512,90333,176.431641
19017,512,87292,170.492188
19018,512,88250,172.363281
19019,512,86166,168.292969
19020,512,88125,172.119141
19021,512,88917,173.666016
19022,512,86916,169.757812
19023,512,86167,168.294922
19024,512,89875,175.537109
19025,512,90167,176.107422
19026,512,89125,174.072266
19027,512,88375,172.607422
19028,512,90416,176.593750
19029,512,86125,168.212891
19030,512,87417,170.736328
19031,512,86291,168.537109
19032,512,88000,171.875000
19033,512,87792,171.468750
19034,512,87541,170.978516
19035,512,86792,169.515625
19036,512,87125,170.166016
19037,512,88250,172.363281
19038,512,89750,175.292969
19039,512,105667,206.380859
19040,512,89708,175.210938
19041,512,85458,166.910156
19042,512,90250,176.269531
19043,512,99583,194.498047
19044,512,89292,174.398438
19045,512,86458,168.863281
19046,512,88083,172.037109
19047,512,89709,175.212891
19048,512,93833,183.267578
19049,512,87417,170.736328
19050,512,86334,168.621094
19051,512,88125,172.119141
19052,512,88541,172.931641
19053,512,85667,167.318359
19054,512,86791,169.513672
19055,512,87125,170.166016
19056,512,86125,168.212891
19057,512,86792,169.515625
19058,512,86541,169.025391
19059,512,84125,164.306641
19060,512,87958,171.792969
19061,512,86334,168.621094
19062,512,86208,168.375000
19063,512,87458,170.816406
19064,512,87459,170.818359
19065,512,86458,168.863281
19066,512,85750,167.480469
19067,512,84042,164.144531
19068,512,87708,171.304688
19069,512,86500,168.945312
19070,512,85542,167.074219
19071,512,84291,164.630859
19072,512,86750,169.433594
19073,512,85917,167.806641
19074,512,88458,172.769531
19075,512,85500,166.992188
19076,512,86417,168.783203
19077,512,87167,170.248047
19078,512,83666,163.410156
19079,512,84459,164.958984
19080,512,84959,165.935547
19081,512,83375,162.841797
19082,512,85209,166.423828
19083,512,84416,164.875000
19084,512,86250,168.457031
19085,512,85834,167.644531
19086,512,92541,180.744141
19087,512,97209,189.861328
19088,512,87167,170.248047
19089,512,85416,166.828125
19090,512,83417,162.923828
19091,512,83166,162.433594
19092,512,86584,169.109375
19093,512,83458,163.003906
19094,512,85583,167.154297
19095,512,87334,170.574219
19096,512,84666,165.363281
19097,512,86459,168.865234
19098,512,85209,166.423828
19099,512,87792,171.468750
19100,512,87875,171.630859
19101,512,84833,165.689453
19102,512,86333,168.619141
19103,512,86916,169.757812
19104,512,87875,171.630859
19105,512,88333,172.525391
19106,512,87209,170.330078
19107,512,88125,172.119141
19108,512,85500,166.992188
19109,512,88125,172.119141
19110,512,85666,167.316406
19111,512,85709,167.400391
19112,512,86584,169.109375
19113,512,85584,167.156250
19114,512,86708,169.351562
19115,512,86250,168.457031
19116,512,87250,170.410156
19117,512,87542,170.980469
19118,512,87167,170.248047
19119,512,90667,177.083984
19120,512,86625,169.189453
19121,512,86917,169.759766
19122,512,86250,168.457031
19123,512,85125,166.259766
19124,512,85166,166.339844
19125,512,88959,173.748047
19126,512,86166,168.292969
19127,512,86917,169.759766
19128,512,86333,168.619141
19129,512,86792,169.515625
19130,512,86250,168.457031
19131,512,84583,165.201172
19132,512,88792,173.421875
19133,512,86292,168.539062
19134,512,87791,171.466797
19135,512,87167,170.248047
19136,512,91625,178.955078
19137,512,86666,169.269531
19138,512,84375,164.794922
19139,512,84958,165.933594
19140,512,86458,168.863281
19141,512,83458,163.003906
19142,512,85000,166.015625
19143,512,84208,164.468750
19144,512,86542,169.027344
19145,512,84917,165.853516
19146,512,88542,172.933594
19147,512,87042,170.003906
19148,512,86750,169.433594
19149,512,86166,168.292969
19150,512,83917,163.900391
19151,512,85458,166.910156
19152,512,86917,169.759766
19153,512,87708,171.304688
19154,512,86958,169.839844
19155,512,85375,166.748047
19156,512,84875,165.771484
19157,512,84125,164.306641
19158,512,83750,163.574219
19159,512,85000,166.015625
19160,512,86125,168.212891
19161,512,84166,164.386719
19162,512,87917,171.712891
19163,512,84708,165.445312
19164,512,86208,168.375000
19165,512,88375,172.607422
19166,512,86125,168.212891
19167,512,87625,171.142578
19168,512,89500,174.804688
19169,512,85750,167.480469
19170,512,83917,163.900391
19171,512,84833,165.689453
19172,512,86292,168.539062
19173,512,87292,170.492188
19174,512,86000,167.968750
19175,512,87167,170.248047
19176,512,89916,175.617188
19177,512,84834,165.691406
19178,512,87375,170.654297
19179,512,86625,169.189453
19180,512,85709,167.400391
19181,512,84541,165.119141
19182,512,90875,177.490234
19183,512,86709,169.353516
19184,512,85083,166.177734
19185,512,84958,165.933594
19186,512,83875,163.818359
19187,512,86708,169.351562
19188,512,86417,168.783203
19189,512,86417,168.783203
19190,512,96208,187.906250
19191,512,84208,164.468750
19192,512,85250,166.503906
19193,512,84458,164.957031
19194,512,86167,168.294922
19195,512,84708,165.445312
19196,512,85083,166.177734
19197,512,82500,161.132812
19198,512,85917,167.806641
19199,512,84958,165.933594
19200,512,84875,165.771484
19201,512,84458,164.957031
19202,512,85834,167.644531
19203,512,86834,169.597656
19204,512,84375,164.794922
19205,512,85250,166.503906
19206,512,83125,162.353516
19207,512,85541,167.072266
19208,512,86042,168.050781
19209,512,83917,163.900391
19210,512,85000,166.015625
19211,512,82667,161.458984
19212,512,84417,164.876953
19213,512,90459,176.677734
19214,512,85416,166.828125
19215,512,85292,166.585938
19216,512,84792,165.609375
19217,512,85291,166.583984
19218,512,84167,164.388672
19219,512,82625,161.376953
19220,512,84125,164.306641
19221,512,91041,177.814453
19222,512,86792,169.515625
19223,512,84375,164.794922
19224,512,97291,190.021484
19225,512,89000,173.828125
19226,512,83125,162.353516
19227,512,85625,167.236328
19228,512,84000,164.062500
19229,512,85542,167.074219
19230,512,85500,166.992188
19231,512,82375,160.888672
19232,512,84333,164.712891
19233,512,84083,164.224609
19234,512,84292,164.632812
19235,512,86167,168.294922
19236,512,86334,168.621094
19237,512,85125,166.259766
19238,512,85209,166.423828
19239,512,90125,176.025391
19240,512,85250,166.503906
19241,512,84209,164.470703
19242,512,86084,168.132812
19243,512,86208,168.375000
19244,512,85542,167.074219
19245,512,86666,169.269531
19246,512,85292,166.585938
19247,512,87042,170.003906
19248,512,82708,161.539062
19249,512,82292,160.726562
19250,512,83791,163.654297
19251,512,85708,167.398438
19252,512,86084,168.132812
19253,512,85125,166.259766
19254,512,85250,166.503906
19255,512,84416,164.875000
19256,512,84084,164.226562
19257,512,85666,167.316406
19258,512,85125,166.259766
19259,512,85958,167.886719
19260,512,84542,165.121094
19261,512,90500,176.757812
19262,512,83375,162.841797
19263,512,87958,171.792969
19264,512,84125,164.306641
19265,512,83750,163.574219
19266,512,84708,165.445312
19267,512,82708,161.539062
19268,512,84834,165.691406
19269,512,84541,165.119141
19270,512,84208,164.468750
19271,512,83708,163.492188
19272,512,84375,164.794922
19273,512,85583,167.154297
19274,512,84375,164.794922
19275,512,83542,163.167969
19276,512,91333,178.384766
19277,512,85000,166.015625
19278,512,82250,160.644531
19279,512,85000,166.015625
19280,512,85667,167.318359
19281,512,84708,165.445312
19282,512,86417,168.783203
19283,512,83667,163.412109
19284,512,84333,164.712891
19285,512,84292,164.632812
19286,512,83875,163.818359
19287,512,81334,158.855469
19288,512,83917,163.900391
19289,512,84083,164.224609
19290,512,84667,165.365234
19291,512,83084,162.273438
19292,512,87583,171.060547
19293,512,87000,169.921875
19294,512,83500,163.085938
19295,512,83667,163.412109
19296,512,85750,167.480469
19297,512,83291,162.677734
19298,512,83000,162.109375
19299,512,83417,162.923828
19300,512,84125,164.306641
19301,512,85458,166.910156
19302,512,83708,163.492188
19303,512,82708,161.539062
19304,512,84000,164.062500
19305,512,86125,168.212891
19306,512,83584,163.250000
19307,512,85500,166.992188
19308,512,86417,168.783203
19309,512,87125,170.166016
19310,512,87000,169.921875
19311,512,86666,169.269531
19312,512,85084,166.179688
19313,512,85500,166.992188
19314,512,86625,169.189453
19315,512,84375,164.794922
19316,512,84709,165.447266
19317,512,87875,171.630859
19318,512,89208,174.234375
19319,512,85542,167.074219
19320,512,86541,169.025391
19321,512,86833,169.595703
19322,512,86459,168.865234
19323,512,87166,170.246094
19324,512,87584,171.062500
19325,512,91417,178.548828
19326,512,86500,168.945312
19327,512,89166,174.152344
19328,512,90750,177.246094
19329,512,96584,188.640625
19330,512,88958,173.746094
19331,512,90958,177.652344
19332,512,88583,173.013672
19333,512,91292,178.304688
19334,512,86667,169.271484
19335,512,89542,174.886719
19336,512,89458,174.722656
19337,512,89042,173.910156
19338,512,92417,180.501953
19339,512,90042,175.863281
19340,512,89917,175.619141
19341,512,90667,177.083984
19342,512,91291,178.302734
19343,512,90417,176.595703
19344,512,90167,176.107422
19345,512,91625,178.955078
19346,512,91000,177.734375
19347,512,89500,174.804688
19348,512,91041,177.814453
19349,512,89917,175.619141
19350,512,89208,174.234375
19351,512,90708,177.164062
19352,512,90000,175.781250
19353,512,90458,176.675781
19354,512,90291,176.349609
19355,512,87584,171.062500
19356,512,88667,173.177734
19357,512,89458,174.722656
19358,512,90791,177.326172
19359,512,91334,178.386719
19360,512,102833,200.845703
19361,512,96916,189.289062
19362,512,91875,179.443359
19363,512,94292,184.164062
19364,512,92458,180.582031
19365,512,114250,223.144531
19366,512,142583,278.482422
19367,512,118667,231.771484
19368,512,100459,196.208984
19369,512,98542,192.464844
19370,512,99000,193.359375
19371,512,97250,189.941406
19372,512,110292,215.414062
19373,512,97917,191.244141
19374,512,98041,191.486328
19375,512,96709,188.884766
19376,512,97959,191.326172
19377,512,97084,189.617188
19378,512,95458,186.441406
19379,512,98042,191.488281
19380,512,95250,186.035156
19381,512,94500,184.570312
19382,512,98875,193.115234
19383,512,96791,189.044922
19384,512,99292,193.929688
19385,512,98834,193.035156
19386,512,99125,193.603516
19387,512,99042,193.441406
19388,512,95791,187.091797
19389,512,95250,186.035156
19390,512,95083,185.708984
19391,512,99834,194.988281
19392,512,93125,181.884766
19393,512,92250,180.175781
19394,512,93042,181.722656
19395,512,93875,183.349609
19396,512,95500,186.523438
19397,512,94000,183.593750
19398,512,91125,177.978516
19399,512,94709,184.978516
19400,512,92625,180.908203
19401,512,90500,176.757812
19402,512,94416,184.406250
19403,512,94792,185.140625
19404,512,95292,186.117188
19405,512,92541,180.744141
19406,512,94334,184.246094
19407,512,91500,178.710938
19408,512,89833,175.455078
19409,512,88416,172.687500
19410,512,91959,179.607422
19411,512,91542,178.792969
19412,512,89583,174.966797
19413,512,93542,182.699219
19414,512,106416,207.843750
19415,512,92500,180.664062
19416,512,88459,172.771484
19417,512,89291,174.396484
19418,512,89709,175.212891
19419,512,91625,178.955078
19420,512,88041,171.955078
19421,512,90958,177.652344
19422,512,89334,174.480469
19423,512,91083,177.896484
19424,512,89417,174.642578
19425,512,88125,172.119141
19426,512,88958,173.746094
19427,512,89791,175.373047
19428,512,89334,174.480469
19429,512,89458,174.722656
19430,512,90333,176.431641
19431,512,88042,171.957031
19432,512,88042,171.957031
19433,512,89583,174.966797
19434,512,91000,177.734375
19435,512,90291,176.349609
19436,512,91334,178.386719
19437,512,88791,173.419922
19438,512,87875,171.630859
19439,512,89167,174.154297
19440,512,89292,174.398438
19441,512,90041,175.861328
19442,512,88958,173.746094
19443,512,88875,173.583984
19444,512,88042,171.957031
19445,512,85041,166.095703
19446,512,87084,170.085938
19447,512,85291,166.583984
19448,512,89834,175.457031
19449,512,87875,171.630859
19450,512,89500,174.804688
19451,512,85125,166.259766
19452,512,88917,173.666016
19453,512,87291,170.490234
19454,512,87167,170.248047
19455,512,89333,174.478516
19456,512,87958,171.792969
19457,512,87250,170.410156
19458,512,88083,172.037109
19459,512,90583,176.919922
19460,512,87500,170.898438
19461,512,87833,171.548828
19462,512,87167,170.248047
19463,512,92291,180.255859
19464,512,88417,172.689453
19465,512,85958,167.886719
19466,512,87958,171.792969
19467,512,89209,174.236328
19468,512,88041,171.955078
19469,512,90209,176.189453
19470,512,84625,165.283203
19471,512,86917,169.759766
19472,512,89833,175.455078
19473,512,87417,170.736328
19474,512,88459,172.771484
19475,512,89834,175.457031
19476,512,87875,171.630859
19477,512,87375,170.654297
19478,512,86875,169.677734
19479,512,86916,169.757812
19480,512,85583,167.154297
19481,512,86834,169.597656
19482,512,83875,163.818359
19483,512,85875,167.724609
19484,512,85292,166.585938
19485,512,86709,169.353516
19486,512,84333,164.712891
19487,512,87208,170.328125
19488,512,85250,166.503906
19489,512,100958,197.183594
19490,512,89417,174.642578
19491,512,86166,168.292969
19492,512,87125,170.166016
19493,512,88000,171.875000
19494,512,86708,169.351562
19495,512,86333,168.619141
19496,512,87167,170.248047
19497,512,90084,175.945312
19498,512,89625,175.048828
19499,512,104833,204.751953
19500,512,88167,172.201172
19501,512,84541,165.119141
19502,512,84417,164.876953
19503,512,89250,174.316406
19504,512,86833,169.595703
19505,512,88291,172.443359
19506,512,86667,169.271484
19507,512,88542,172.933594
19508,512,83958,163.980469
19509,512,90916,177.570312
19510,512,85875,167.724609
19511,512,87917,171.712891
19512,512,84625,165.283203
19513,512,86708,169.351562
19514,512,87958,171.792969
19515,512,95167,185.873047
19516,512,86459,168.865234
19517,512,85209,166.423828
19518,512,86834,169.597656
19519,512,91750,179.199219
19520,512,86917,169.759766
19521,512,84792,165.609375
19522,512,83542,163.167969
19523,512,85958,167.886719
19524,512,85333,166.666016
19525,512,84333,164.712891
19526,512,84125,164.306641
19527,512,86625,169.189453
19528,512,86125,168.212891
19529,512,84667,165.365234
19530,512,83041,162.189453
19531,128,23334,182.296875
